40.192775726318
38.360359191895
52.407444000244
55.080368041992
54.229557037354
51.854721069336
52.314765930176
52.736270904541
52.261028289795
36.716312408447
52.871257781982
52.013984680176
52.013984680176
52.013984680176
50.36421585083
50.386070251465
51.828247070312
50.382186889648
50.366157531738
50.366157531738
50.377548217773
50.37211227417
50.37211227417
54.218173980713
54.229942321777
50.238399505615
50.363956451416
50.365844726562
50.362850189209
50.367126464844
50.37283706665
50.368831634521
50.365627288818
50.365261077881
50.366752624512
50.370567321777
50.371799468994
50.372161865234
50.368061065674
50.360248565674
50.363414764404
50.363151550293
50.365592956543
50.367252349854
50.364028930664
50.366607666016
50.366889953613
50.364353179932
50.362434387207
50.36446762085
50.36413192749
50.364219665527
50.365478515625
50.363056182861
50.364013671875
50.363620758057
50.364395141602
50.363292694092
50.362319946289
50.365036010742
50.364715576172
50.363780975342
50.363582611084
50.36478805542
50.367771148682
50.365524291992
50.365432739258
50.365516662598
50.364532470703
50.363464355469
50.364994049072
50.366176605225
50.364063262939
50.366344451904
50.367286682129
50.367988586426
50.366786956787
50.367080688477
50.367649078369
50.3671875
50.366146087646
50.37003326416
50.36629486084
50.367649078369
50.367778778076
50.366264343262
50.363010406494
50.364719390869
50.367267608643
50.366771697998
50.366012573242
50.364711761475
50.366107940674
50.366138458252
50.366779327393
50.3659324646
50.368152618408
50.366409301758
50.366241455078
50.363742828369
50.363258361816
50.363590240479
50.365703582764
50.366012573242
50.362258911133
50.365226745605
50.363891601562
50.363162994385
50.365036010742
50.365985870361
50.363246917725
50.365127563477
50.366725921631
50.366230010986
50.365776062012
50.364849090576
50.363960266113
50.362663269043
50.361301422119
50.363292694092
50.36646270752
50.372581481934
50.372482299805
50.382335662842
50.361728668213
50.357845306396
50.361526489258
50.362804412842
50.363235473633
50.363620758057
50.362964630127
50.363857269287
50.363494873047
50.365230560303
50.369606018066
50.37198638916
50.366725921631
50.366680145264
50.361301422119
50.364059448242
50.365879058838
50.366134643555
50.365585327148
50.366672515869
50.36657333374
50.367130279541
50.369125366211
50.368770599365
50.367679595947
50.365177154541
50.364902496338
50.366172790527
50.365501403809
50.368274688721
50.368072509766
50.3678855896
50.363842010498
50.366016387939
50.365818023682
50.364376068115
50.362590789795
50.362403869629
50.363452911377
50.364196777344
50.365322113037
50.355884552002
49.370208740234
49.118579864502
49.324264526367
50.36164855957
50.361248016357
50.360660552979
50.367542266846
50.367542266846
50.368759155273
36.722602844238
38.380851745605
40.186073303223
50.372688293457
52.898612976074
52.898612976074
50.379180908203
50.367279052734
38.369556427002
50.362224578857
50.364852905273
50.36487197876
50.366096496582
50.364242553711
50.360961914062
48.740924835205
38.363903045654
38.356285095215
38.36190032959
38.364456176758
38.369361877441
50.365356445312
50.360145568848
50.364826202393
50.363079071045
50.358100891113
38.360271453857
38.357913970947
38.357913970947
38.360820770264
38.368446350098
50.356746673584
50.361171722412
38.369144439697
38.373470306396
50.370037078857
50.364139556885
50.362674713135
50.362808227539
50.362117767334
50.363803863525
50.361526489258
50.363830566406
50.363117218018
50.360683441162
50.363628387451
50.364486694336
50.365219116211
50.364154815674
50.364639282227
50.366188049316
50.362037658691
50.36548614502
50.368843078613
50.366062164307
50.364181518555
50.366794586182
50.372673034668
50.378826141357
50.375282287598
50.366306304932
52.045429229736
38.374172210693
50.366409301758
50.361793518066
50.368782043457
50.366157531738
49.830726623535
50.382659912109
52.435012817383
54.224990844727
54.223304748535
54.236885070801
52.635551452637
36.718574523926
54.218467712402
36.727993011475
36.727321624756
54.238624572754
54.245002746582
54.228046417236
54.217704772949
51.387992858887
53.105869293213
54.218673706055
53.076919555664
52.628379821777
52.127849578857
51.496852874756
51.416809082031
51.416809082031
43.480010986328
51.859733581543
54.243389129639
52.715255737305
36.721424102783
50.374244689941
52.588314056396
54.220825195312
54.213413238525
52.857803344727
50.375667572021
51.359672546387
51.647354125977
51.647354125977
51.647354125977
51.647354125977
51.647354125977
36.726009368896
51.60181427002
50.375301361084
36.719543457031
36.718383789062
52.931018829346
51.817161560059
50.378551483154
51.594612121582
51.594612121582
51.594612121582
51.594612121582
51.594612121582
51.594612121582
51.626861572266
51.626861572266
51.687801361084
52.558620452881
52.508850097656
52.125423431396
52.034290313721
50.377769470215
50.377769470215
50.377769470215
50.377769470215
50.377769470215
50.367156982422
50.367156982422
43.214233398438
51.255638122559
51.759399414062
52.032096862793
53.051609039307
53.051609039307
53.051609039307
53.051609039307
53.051609039307
53.051609039307
53.051609039307
53.051609039307
53.051609039307
53.051609039307
54.211112976074
54.211112976074
54.211112976074
54.207870483398
53.046264648438
51.736873626709
51.803718566895
51.803718566895
51.803718566895
52.093509674072
52.093509674072
54.222362518311
54.235580444336
54.239013671875
54.239562988281
54.726963043213
54.927963256836
54.920886993408
54.234901428223
54.226573944092
54.22395324707
54.219062805176
50.375919342041
36.271942138672
54.228256225586
54.232696533203
54.237182617188
54.240489959717
54.237998962402
54.236793518066
54.827602386475
54.214069366455
54.237110137939
55.536731719971
54.230442047119
51.490299224854
51.501907348633
52.344013214111
54.89139175415
44.542358398438
44.542358398438
52.007965087891
43.136619567871
51.777317047119
42.951000213623
36.709281921387
51.897911071777
51.897911071777
50.377243041992
50.362037658691
50.375293731689
51.612041473389
36.718124389648
50.372077941895
50.382743835449
50.372913360596
50.362087249756
50.386665344238
54.226531982422
54.233329772949
50.351150512695
50.364032745361
50.367336273193
50.363605499268
50.366065979004
50.370914459229
50.363426208496
50.359645843506
50.364933013916
50.364498138428
50.362869262695
50.365264892578
50.372547149658
50.366947174072
50.362148284912
50.362674713135
50.363105773926
50.365657806396
50.366142272949
50.366649627686
50.367790222168
50.364185333252
50.364616394043
50.365112304688
50.367317199707
50.366981506348
50.365623474121
50.36434173584
50.362663269043
50.365440368652
50.364582061768
50.365428924561
50.366203308105
50.365779876709
50.365573883057
50.36417388916
50.363647460938
50.363544464111
50.364334106445
50.36544418335
50.363410949707
50.365291595459
50.365455627441
50.365123748779
50.361961364746
50.363216400146
50.363212585449
50.363807678223
50.364227294922
50.36559677124
50.368934631348
50.366626739502
50.365325927734
50.367862701416
50.367198944092
50.365577697754
50.368412017822
50.365154266357
50.367534637451
50.368385314941
50.366737365723
50.365161895752
50.365573883057
50.368156433105
50.36882019043
50.365856170654
50.367324829102
50.367446899414
50.366691589355
50.36693572998
50.368869781494
50.365432739258
50.365543365479
50.36697769165
50.365871429443
50.363349914551
50.363121032715
50.366218566895
50.363483428955
50.363285064697
50.364044189453
50.363540649414
50.363471984863
50.364295959473
50.36438369751
50.365940093994
50.364231109619
50.36474609375
50.365032196045
50.364223480225
50.365779876709
50.364959716797
50.366409301758
50.363395690918
50.367301940918
50.366310119629
50.376140594482
50.37495803833
50.374404907227
50.358451843262
50.354248046875
50.363502502441
50.360157012939
50.366569519043
50.363529205322
50.363441467285
50.365116119385
50.367332458496
50.367027282715
50.365310668945
50.368148803711
50.365928649902
50.367820739746
50.361557006836
50.362922668457
50.366153717041
50.362483978271
50.363578796387
50.365043640137
50.364753723145
50.365341186523
50.366035461426
50.367279052734
50.368518829346
50.366500854492
50.366191864014
50.366054534912
50.366340637207
50.368148803711
50.367359161377
50.368755340576
50.36820602417
50.36642074585
50.367473602295
50.366874694824
50.369235992432
50.367713928223
50.368263244629
50.363948822021
50.364898681641
50.366065979004
50.358684539795
49.221664428711
49.151905059814
49.479793548584
50.365661621094
50.362518310547
50.366416931152
50.362850189209
50.365428924561
51.086277008057
40.184009552002
40.178531646729
57.61262512207
57.61262512207
50.36413192749
47.216938018799
48.793571472168
47.947231292725
38.366527557373
50.358001708984
50.357971191406
50.35865020752
50.3610496521
50.358715057373
50.356754302979
46.067764282227
38.357769012451
38.363121032715
38.365119934082
47.21654510498
50.363121032715
50.361553192139
50.357242584229
48.657943725586
50.363815307617
38.359664916992
45.942142486572
50.362380981445
38.361343383789
38.3688621521
50.363082885742
50.367294311523
50.348114013672
40.182991027832
50.362266540527
50.362823486328
50.359954833984
50.360198974609
50.362358093262
50.364921569824
50.36515045166
50.364612579346
50.36353302002
50.361553192139
50.363842010498
50.365173339844
50.362476348877
50.361793518066
50.362934112549
50.360702514648
50.361282348633
50.36381149292
50.369785308838
50.364654541016
50.363052368164
50.366664886475
50.368499755859
50.369651794434
52.149021148682
38.357677459717
50.36971282959
49.239105224609
50.36421585083
50.350696563721
50.363380432129
50.374877929688
50.370113372803
50.370525360107
52.185447692871
54.226696014404
54.226825714111
54.236022949219
54.217926025391
54.218185424805
52.829784393311
36.728397369385
