50.371459960938
50.34838104248
50.361186981201
50.366592407227
50.374641418457
50.362197875977
50.36111831665
50.370246887207
55.082542419434
54.929534912109
54.911987304688
54.909355163574
54.959239959717
54.89737701416
54.836475372314
54.790012359619
54.906581878662
54.989349365234
54.784259796143
55.055252075195
55.050117492676
54.993583679199
55.030616760254
54.971363067627
54.980464935303
55.08324432373
54.877258300781
54.865428924561
55.033100128174
55.122653961182
54.961032867432
54.82315826416
55.054584503174
55.070182800293
54.934730529785
54.977596282959
55.076076507568
54.870944976807
54.901397705078
54.915752410889
54.783500671387
54.895397186279
54.981151580811
54.916053771973
54.977317810059
54.991539001465
54.982612609863
55.067932128906
55.016292572021
54.923164367676
52.897819519043
54.90385055542
54.750244140625
55.079345703125
55.056312561035
54.789268493652
55.083755493164
54.937576293945
55.075561523438
55.049461364746
54.929679870605
55.163795471191
54.929615020752
54.920120239258
54.963779449463
55.042819976807
55.030822753906
55.082187652588
54.92126083374
54.942554473877
55.014652252197
54.923931121826
54.875354766846
54.850662231445
54.985546112061
54.998588562012
55.067272186279
55.047763824463
54.960941314697
54.901744842529
54.876239776611
54.974838256836
54.732788085938
54.987812042236
54.750801086426
55.080520629883
54.899173736572
54.914863586426
55.019889831543
54.849056243896
54.79536819458
54.936000823975
54.911697387695
54.963539123535
55.039840698242
55.047740936279
54.936836242676
55.164928436279
54.992637634277
54.909317016602
55.097045898438
54.985759735107
54.922172546387
55.071975708008
54.905532836914
54.973388671875
54.986789703369
55.074813842773
54.966983795166
54.239128112793
55.354228973389
43.332817077637
61.125915527344
50.381866455078
60.736915588379
42.95573425293
43.020713806152
43.058498382568
43.023567199707
42.994445800781
43.01335144043
61.062770843506
61.568054199219
50.354911804199
50.360988616943
50.364158630371
61.724967956543
61.982318878174
61.864978790283
62.091556549072
62.057151794434
50.372215270996
62.1946144104
61.989635467529
50.360698699951
61.716361999512
61.593078613281
61.959148406982
62.057384490967
62.10147857666
61.982543945312
61.943279266357
62.115718841553
50.353870391846
50.358463287354
50.356956481934
61.775421142578
61.845348358154
62.22240447998
62.021659851074
62.0598487854
62.01070022583
61.913829803467
61.890056610107
62.01008605957
61.946632385254
61.986457824707
61.962379455566
62.029308319092
62.013275146484
61.805889129639
61.810276031494
61.840476989746
61.993438720703
61.903774261475
61.931434631348
61.999740600586
62.047218322754
61.981330871582
62.015617370605
62.040180206299
62.030162811279
61.972930908203
61.924701690674
61.835193634033
61.88756942749
61.737716674805
62.008121490479
61.95637512207
61.964218139648
62.025203704834
61.946201324463
61.98872756958
61.978397369385
61.948577880859
61.959781646729
61.914409637451
61.952247619629
61.985271453857
61.928535461426
61.891738891602
62.052753448486
61.845813751221
50.381683349609
62.153774261475
62.012336730957
61.972141265869
61.969524383545
61.99080657959
61.999145507812
61.936027526855
62.042900085449
62.050765991211
62.000297546387
61.918445587158
50.355518341064
50.358604431152
66.915885925293
67.025573730469
66.775741577148
66.983444213867
67.054847717285
66.208740234375
66.678375244141
66.263961791992
66.878234863281
66.241912841797
66.175354003906
67.038551330566
66.982727050781
66.27912902832
66.995536804199
66.788734436035
66.991134643555
66.893341064453
66.24634552002
67.01717376709
66.998275756836
66.914657592773
66.975357055664
66.967712402344
66.869995117188
66.946968078613
67.015411376953
66.9130859375
66.965950012207
67.067314147949
67.025283813477
67.053001403809
67.025840759277
67.028419494629
67.035568237305
66.935523986816
67.038642883301
67.095642089844
66.944389343262
67.095039367676
66.980293273926
67.053184509277
66.962875366211
67.000411987305
66.997406005859
66.985595703125
67.043426513672
66.942573547363
66.976692199707
67.013313293457
66.987350463867
66.986000061035
66.991333007812
66.964805603027
66.995338439941
66.997024536133
66.941993713379
66.966217041016
67.007781982422
66.988784790039
66.973823547363
67.017379760742
66.991493225098
66.970657348633
67.024108886719
67.023208618164
66.920028686523
68.740844726562
68.908203125
68.761756896973
68.782821655273
68.844772338867
68.289672851562
67.891639709473
67.706809997559
67.928810119629
68.031364440918
67.994171142578
68.849655151367
68.843338012695
68.448455810547
68.853950500488
68.832862854004
68.810180664062
68.89461517334
68.938972473145
69.044281005859
68.969947814941
68.973899841309
68.969772338867
68.976387023926
68.914054870605
68.935195922852
68.951988220215
68.966758728027
68.993339538574
68.956199645996
68.997215270996
68.962966918945
69.067855834961
69.007957458496
69.006019592285
68.918670654297
69.069526672363
69.011848449707
69.657745361328
69.900466918945
69.661163330078
69.938835144043
69.915794372559
69.510246276855
69.124938964844
69.217987060547
69.295280456543
69.250946044922
69.019142150879
68.990699768066
69.165893554688
68.965881347656
68.978530883789
68.934150695801
69.019569396973
69.154945373535
69.251045227051
69.13005065918
69.014122009277
68.973289489746
68.972557067871
69.017707824707
68.971878051758
69.065864562988
69.066276550293
68.921852111816
68.986907958984
69.023452758789
68.964248657227
69.052993774414
69.002647399902
69.037178039551
69.089393615723
68.983406066895
68.986015319824
69.000106811523
68.945114135742
69.000396728516
68.980674743652
69.02424621582
69.035575866699
69.010612487793
69.024528503418
69.012100219727
69.021705627441
69.064056396484
68.958213806152
69.011283874512
69.023277282715
69.725044250488
69.897232055664
70.14323425293
70.071601867676
69.898780822754
69.721740722656
70.079978942871
69.960960388184
69.986526489258
70.112945556641
69.896110534668
69.880859375
70.024238586426
69.979080200195
69.933883666992
69.963386535645
69.995376586914
70.038558959961
70.061767578125
70.086051940918
70.08984375
70.064147949219
70.03662109375
70.088897705078
70.072525024414
70.099853515625
70.056442260742
70.029067993164
70.11767578125
70.04305267334
70.18936920166
70.237358093262
70.11840057373
70.056381225586
70.064178466797
70.017906188965
70.090309143066
70.044006347656
70.066093444824
70.072257995605
70.018463134766
70.093910217285
50.934169769287
70.158515930176
50.378070831299
50.363624572754
70.10913848877
70.130386352539
70.256210327148
70.058959960938
70.224380493164
70.01252746582
70.081024169922
70.188362121582
70.071960449219
70.167678833008
70.089897155762
70.10474395752
70.187690734863
70.054908752441
70.099639892578
70.127876281738
70.057090759277
70.058166503906
71.838958740234
71.94116973877
72.034118652344
71.956428527832
71.891914367676
71.511474609375
71.729934692383
71.882118225098
71.942497253418
71.957244873047
71.71044921875
71.749702453613
71.770057678223
71.764953613281
71.79833984375
72.042213439941
72.160827636719
72.194206237793
72.269523620605
52.56946182251
72.014236450195
72.179061889648
72.09578704834
72.113464355469
72.351356506348
72.156211853027
72.20378112793
72.279594421387
72.073059082031
72.166870117188
72.268569946289
72.01676940918
72.029083251953
71.980484008789
72.060272216797
72.034027099609
72.080825805664
72.052719116211
72.20964050293
72.086303710938
72.192092895508
72.341438293457
72.064125061035
72.081497192383
72.157180786133
72.236335754395
72.157722473145
72.014762878418
72.13117980957
72.122673034668
72.154441833496
72.388343811035
72.11222076416
72.361801147461
52.902824401855
72.133750915527
72.181030273438
72.091758728027
72.147872924805
72.233360290527
72.005401611328
72.087669372559
72.083076477051
72.056999206543
72.162368774414
72.331909179688
73.967178344727
74.017509460449
72.650939941406
73.555534362793
74.006256103516
73.978935241699
73.975944519043
74.017990112305
74.26879119873
54.827922821045
72.063194274902
72.669136047363
73.196151733398
73.731971740723
73.266998291016
73.024887084961
72.990547180176
72.66618347168
72.418701171875
72.018966674805
72.372886657715
73.230949401855
73.231132507324
73.530563354492
72.217720031738
72.448127746582
72.686378479004
72.347358703613
72.134162902832
72.25756072998
72.416046142578
72.148475646973
72.11360168457
72.251670837402
72.029228210449
72.087791442871
71.99292755127
71.95361328125
72.008056640625
72.002265930176
72.027320861816
72.016288757324
72.017807006836
71.973281860352
71.995834350586
71.983848571777
72.172836303711
73.995872497559
73.917549133301
73.936065673828
73.847831726074
73.858825683594
73.920761108398
73.924041748047
74.009605407715
74.016014099121
74.022537231445
73.982627868652
73.874786376953
73.898338317871
73.992111206055
74.034355163574
73.938484191895
73.964096069336
73.969024658203
74.043830871582
74.025497436523
73.99577331543
74.008079528809
74.016502380371
73.930763244629
73.965560913086
73.988563537598
74.007377624512
74.012916564941
73.984848022461
73.958213806152
73.946342468262
73.965530395508
73.987907409668
73.925453186035
73.942855834961
73.963134765625
73.972061157227
73.945526123047
74.027908325195
73.936912536621
73.976188659668
74.064804077148
74.020072937012
74.028060913086
74.060211181641
73.97925567627
73.96410369873
74.053405761719
75.653884887695
75.896926879883
75.923973083496
75.418083190918
75.757293701172
75.917938232422
75.965591430664
75.962936401367
75.944412231445
75.968856811523
75.932739257812
75.600898742676
75.680458068848
75.817024230957
75.989372253418
76.000366210938
76.00968170166
75.967826843262
75.938301086426
76.033111572266
76.040489196777
75.979652404785
76.012145996094
76.008743286133
75.98747253418
75.99853515625
75.998329162598
75.960983276367
75.972526550293
75.974624633789
75.965614318848
75.979148864746
75.969772338867
75.995986938477
76.011734008789
75.994644165039
75.989608764648
75.833099365234
76.024955749512
76.021255493164
76.000755310059
75.985420227051
75.982948303223
76.006034851074
75.93611907959
75.980026245117
75.98023223877
75.950653076172
75.891975402832
75.958847045898
75.969573974609
75.986862182617
76.852668762207
76.469627380371
76.830207824707
76.579681396484
76.903442382812
76.339157104492
76.71851348877
76.889831542969
76.991561889648
76.996871948242
77.009658813477
76.959754943848
76.965766906738
76.37565612793
76.700004577637
76.898551940918
76.981819152832
76.953628540039
77.023513793945
77.001510620117
77.028549194336
77.01912689209
78.660942077637
77.630310058594
77.017822265625
77.043899536133
76.997444152832
78.167930603027
77.493721008301
78.115081787109
76.989135742188
77.174781799316
77.020011901855
77.200561523438
77.120994567871
77.166885375977
77.018913269043
77.070747375488
77.032997131348
76.973731994629
76.978294372559
76.994323730469
78.202331542969
78.016746520996
78.262802124023
78.210220336914
78.202529907227
78.129753112793
78.337188720703
78.794647216797
78.879913330078
78.890319824219
78.300308227539
78.905113220215
78.925384521484
78.907958984375
78.658248901367
78.830963134766
78.72550201416
78.969207763672
78.963073730469
78.984428405762
78.96492767334
78.979400634766
78.977096557617
79.004776000977
78.93758392334
78.964813232422
78.981315612793
78.996894836426
78.98176574707
79.008483886719
78.993682861328
79.017440795898
78.972831726074
79.000885009766
78.894943237305
78.97802734375
78.957885742188
78.913986206055
78.980545043945
78.994064331055
79.000923156738
78.99836730957
78.987701416016
79.00798034668
78.996315002441
79.008590698242
79.006065368652
79.023391723633
78.994132995605
78.999755859375
78.996932983398
79.000953674316
79.008850097656
79.013793945312
80.189208984375
79.285484313965
80.432464599609
79.675361633301
80.30933380127
79.787261962891
80.639602661133
80.741844177246
80.775253295898
80.919921875
80.66773223877
80.441635131836
80.738464355469
80.806518554688
80.967529296875
80.848037719727
80.786567687988
80.600273132324
80.987861633301
80.965881347656
80.950798034668
80.955108642578
80.981475830078
80.970413208008
81.696731567383
81.009048461914
81.015762329102
81.079299926758
81.076667785645
80.971572875977
81.068092346191
80.964965820312
80.962181091309
80.90502166748
81.01734161377
80.996505737305
81.04711151123
80.994400024414
80.993522644043
81.002082824707
80.988899230957
80.976196289062
81.003814697266
80.953750610352
80.951560974121
80.964706420898
81.277862548828
81.102684020996
81.02619934082
81.047355651855
81.019821166992
81.132675170898
81.008239746094
81.027351379395
54.970684051514
55.299579620361
55.175552368164
54.233135223389
56.616157531738
81.563278198242
50.357154846191
81.359634399414
81.650390625
82.039649963379
82.109596252441
54.230430603027
82.209342956543
82.390914916992
81.447265625
81.921020507812
81.31103515625
81.575942993164
81.142517089844
81.682922363281
81.00358581543
80.998649597168
81.004196166992
81.035942077637
81.00813293457
81.002380371094
81.037528991699
81.066688537598
81.026809692383
81.07804107666
80.99486541748
81.007293701172
80.986740112305
81.507308959961
81.897445678711
81.685707092285
81.380310058594
81.374336242676
81.176445007324
81.937423706055
81.905097961426
81.80965423584
81.958518981934
81.688011169434
81.582176208496
81.927673339844
81.91325378418
81.973243713379
81.994400024414
82.003700256348
81.983329772949
81.9150390625
82.00545501709
82.053649902344
82.150375366211
81.990592956543
82.094047546387
82.018493652344
82.020133972168
81.973960876465
81.965408325195
82.936813354492
82.325325012207
83.22144317627
82.42057800293
83.906517028809
83.27912902832
83.839530944824
83.800941467285
82.881996154785
83.886352539062
83.794082641602
83.924179077148
83.978889465332
83.841888427734
83.267730712891
83.987327575684
83.978187561035
83.975395202637
83.899047851562
84.006324768066
84.004760742188
83.96996307373
83.990982055664
83.015846252441
83.435699462891
82.585868835449
82.964317321777
82.091888427734
82.090484619141
82.074531555176
81.997711181641
82.011077880859
82.061920166016
82.149963378906
81.987503051758
82.003479003906
82.039733886719
83.467185974121
82.010925292969
82.011215209961
82.015686035156
81.042083740234
81.242431640625
81.951652526855
81.93815612793
83.639869689941
82.571762084961
82.833282470703
82.392204284668
83.203735351562
83.627494812012
83.901725769043
83.542442321777
83.207824707031
83.817451477051
83.913566589355
83.953666687012
83.889450073242
83.975128173828
83.995185852051
83.992935180664
83.952346801758
84.95442199707
84.787223815918
84.100280761719
85.323318481445
85.924102783203
85.861846923828
85.797828674316
85.668174743652
85.936904907227
85.775817871094
85.110176086426
85.890815734863
85.976936340332
85.932205200195
85.880592346191
85.971481323242
85.977714538574
85.971092224121
85.993843078613
85.989654541016
85.982330322266
85.974731445312
85.97876739502
85.987380981445
85.96647644043
85.963600158691
85.993881225586
85.996742248535
85.987754821777
85.999114990234
86.128623962402
86.283447265625
86.26651763916
85.998352050781
86.1708984375
86.013313293457
86.037826538086
85.971252441406
85.995178222656
85.984092712402
85.977470397949
85.972778320312
85.979331970215
86.005065917969
87.003952026367
86.814414978027
86.84481048584
87.921295166016
87.749572753906
87.759963989258
87.419326782227
87.909004211426
87.898559570312
87.853233337402
87.883918762207
87.473609924316
87.948684692383
88.161178588867
87.973770141602
87.765724182129
87.960510253906
87.894081115723
87.928894042969
87.56005859375
87.953628540039
87.955741882324
87.952491760254
87.963905334473
87.96851348877
88.02180480957
88.033271789551
88.064666748047
87.985862731934
88.012908935547
87.994987487793
87.987838745117
87.913314819336
88.000541687012
87.983245849609
87.984573364258
87.9541015625
87.967712402344
88.010932922363
87.984237670898
87.997863769531
87.969871520996
87.957107543945
88.007934570312
87.953666687012
88.457054138184
87.99292755127
88.78995513916
88.957855224609
88.632446289062
88.768028259277
88.785682678223
88.866905212402
88.918029785156
88.742538452148
88.768783569336
88.866241455078
88.581275939941
88.391090393066
88.896743774414
88.91682434082
88.971534729004
88.948791503906
88.997734069824
88.974235534668
88.975959777832
88.940841674805
89.035797119141
88.996337890625
89.00528717041
88.99503326416
88.958480834961
89.002624511719
89.037605285645
88.971000671387
88.953582763672
88.965713500977
88.925148010254
88.967185974121
88.979919433594
88.991317749023
89.008666992188
89.044303894043
88.980667114258
89.020614624023
90.261924743652
89.013214111328
89.726631164551
90.4521484375
90.056625366211
90.783576965332
90.08528137207
90.356758117676
90.848846435547
90.927703857422
90.845962524414
90.907623291016
90.982986450195
90.933044433594
90.950401306152
90.678565979004
90.924194335938
90.837852478027
90.853942871094
90.840263366699
91.002990722656
90.974281311035
90.991455078125
90.986526489258
91.004188537598
91.096710205078
90.969573974609
90.981391906738
91.03018951416
90.981887817383
90.987785339355
90.954811096191
90.980140686035
90.987449645996
90.982055664062
91.018203735352
90.981567382812
90.970336914062
90.987838745117
90.979545593262
90.973411560059
90.98193359375
90.991851806641
90.996185302734
90.969261169434
90.990211486816
90.9892578125
90.988800048828
90.98950958252
90.99845123291
90.981994628906
90.988975524902
90.982360839844
90.986518859863
90.999153137207
91.38542175293
91.089981079102
92.098457336426
92.196891784668
92.523178100586
92.702903747559
92.709625244141
92.785667419434
92.91423034668
92.835845947266
92.94229888916
92.89665222168
92.85514831543
92.967491149902
92.88890838623
92.948883056641
92.918167114258
92.916290283203
92.942802429199
92.956512451172
92.963333129883
92.953765869141
92.984718322754
92.847396850586
81.637413024902
93.001159667969
93.149749755859
92.966857910156
92.973426818848
92.96736907959
92.973335266113
92.94376373291
92.966613769531
92.949905395508
92.95336151123
92.957191467285
92.957916259766
92.960266113281
92.947189331055
92.962852478027
92.921463012695
92.98454284668
92.970207214355
92.992835998535
92.964263916016
92.958572387695
92.967582702637
92.96614074707
92.954322814941
92.986145019531
92.971244812012
93.213623046875
92.972885131836
93.233200073242
93.603820800781
93.471130371094
93.698936462402
93.864044189453
93.779510498047
93.94792175293
93.971031188965
93.78133392334
93.97078704834
93.974014282227
93.973556518555
93.950065612793
93.960433959961
93.969589233398
93.958618164062
93.975692749023
93.998748779297
93.986503601074
94.014236450195
93.999359130859
93.992820739746
93.993576049805
94.015586853027
94.006896972656
94.025550842285
93.977737426758
93.988059997559
94.001586914062
93.96004486084
93.974349975586
93.970375061035
93.975151062012
93.994110107422
93.99089050293
94.00023651123
94.00260925293
93.975593566895
93.978721618652
93.976608276367
94.004951477051
93.971946716309
93.980918884277
94.00422668457
93.975746154785
93.981033325195
94.467658996582
94.026969909668
95.923248291016
94.169898986816
95.832870483398
95.99095916748
95.569328308105
95.853500366211
95.90259552002
95.918403625488
95.96167755127
95.920234680176
95.984214782715
95.92936706543
95.683837890625
95.964134216309
95.952598571777
95.961013793945
96.008865356445
96.001976013184
96.009674072266
96.01286315918
96.028625488281
96.019157409668
95.986381530762
95.978515625
95.961540222168
95.973434448242
95.98127746582
96.040992736816
96.015403747559
95.970077514648
96.014862060547
95.977928161621
95.958541870117
96.020355224609
95.977127075195
95.995460510254
96.026145935059
96.000343322754
95.999565124512
95.978591918945
96.01505279541
96.014518737793
96.001419067383
96.004066467285
95.991806030273
95.987884521484
96.029357910156
96.005714416504
95.982948303223
84.321235656738
96.007339477539
95.970497131348
97.152183532715
96.125610351562
97.44507598877
96.418724060059
97.35033416748
96.349273681641
97.906700134277
97.830917358398
97.956970214844
97.704231262207
97.63444519043
97.981338500977
97.847236633301
97.976509094238
97.99129486084
97.949935913086
97.969696044922
97.983100891113
97.975761413574
97.987991333008
98.065132141113
97.978561401367
98.01895904541
97.972900390625
98.041046142578
97.970443725586
97.981674194336
97.984924316406
97.975234985352
97.980178833008
97.985496520996
98.009239196777
98.009773254395
97.961822509766
97.975662231445
98.012130737305
97.965110778809
98.033866882324
97.969268798828
97.976654052734
97.96964263916
98.015968322754
97.974937438965
98.013153076172
98.011337280273
97.986618041992
98.09415435791
97.979278564453
98.009071350098
97.996192932129
98.016441345215
97.994766235352
98.008827209473
97.98779296875
97.98282623291
98.016143798828
97.992126464844
97.982025146484
97.969863891602
97.975578308105
97.985008239746
97.98722076416
97.970062255859
98.003288269043
98.011131286621
97.949142456055
98.002922058105
97.963714599609
97.996879577637
97.972610473633
97.972145080566
98.004287719727
97.970962524414
97.962966918945
97.976821899414
97.987258911133
98.013778686523
98.01203918457
98.019882202148
86.234237670898
98.152374267578
52.374774932861
86.291946411133
86.418083190918
86.314666748047
86.332565307617
86.267822265625
86.267822265625
86.214530944824
54.915885925293
54.229736328125
36.721817016602
36.911243438721
36.722827911377
36.720050811768
52.864189147949
52.213714599609
52.031402587891
