69.0
42.82780456543
43.221385955811
43.319030761719
43.175186157227
43.346008300781
43.309886932373
43.143051147461
43.105686187744
43.232696533203
42.997520446777
43.183429718018
43.02624130249
43.237087249756
43.217979431152
43.310638427734
43.12837600708
43.28328704834
43.210296630859
43.110515594482
43.081066131592
43.14030456543
43.072868347168
42.834255218506
43.1139793396
43.315525054932
43.125080108643
43.080543518066
43.317852020264
42.903823852539
43.165321350098
42.934242248535
43.107990264893
42.834098815918
43.076900482178
43.156669616699
43.107093811035
43.019855499268
43.035110473633
43.060997009277
42.912700653076
43.297706604004
42.895702362061
43.026309967041
43.29972076416
43.246643066406
42.832908630371
43.51501083374
43.006225585938
43.154907226562
43.425926208496
43.365768432617
43.456130981445
43.033699035645
43.514820098877
43.726608276367
43.821044921875
43.358325958252
43.02027130127
43.022338867188
43.140998840332
42.993965148926
43.312652587891
43.233268737793
43.145858764648
43.067359924316
43.299285888672
42.982803344727
43.23104095459
43.469921112061
43.203880310059
42.871334075928
43.198329925537
43.199188232422
43.306911468506
43.610145568848
43.226863861084
43.327682495117
43.047183990479
42.995044708252
42.821739196777
43.364898681641
42.839511871338
43.305904388428
43.322799682617
43.333068847656
43.28536605835
43.07523727417
43.348518371582
42.938598632812
43.331516265869
42.899600982666
42.941955566406
43.309585571289
43.239521026611
43.166862487793
43.096076965332
42.99390411377
43.206230163574
43.205940246582
42.763523101807
43.365287780762
42.235488891602
43.336582183838
43.392719268799
43.357231140137
42.845798492432
43.299110412598
43.242076873779
43.041416168213
43.027145385742
43.078506469727
43.343536376953
42.235160827637
43.017440795898
42.806972503662
43.299297332764
42.819629669189
43.261295318604
42.235443115234
42.235008239746
42.233741760254
42.989978790283
42.232803344727
42.235450744629
43.31131362915
42.235164642334
43.317291259766
42.234828948975
43.327774047852
43.528022766113
43.691257476807
43.759738922119
43.759738922119
44.540065765381
44.545104980469
44.545104980469
36.727203369141
43.564373016357
49.107086181641
51.328575134277
40.189189910889
40.191753387451
40.193244934082
40.197540283203
42.899116516113
42.230136871338
42.233997344971
42.236457824707
42.234256744385
42.974895477295
42.235446929932
42.983612060547
43.040145874023
43.054981231689
42.234706878662
43.001823425293
42.236175537109
42.235984802246
38.380935668945
38.380935668945
43.353443145752
43.30297088623
42.907318115234
42.23218536377
42.917205810547
43.10718536377
43.109817504883
42.236114501953
42.233795166016
42.234199523926
43.135257720947
42.894069671631
43.298862457275
42.971435546875
43.030822753906
43.430866241455
43.430866241455
43.302520751953
42.916233062744
42.925201416016
42.857715606689
43.311603546143
42.987552642822
42.767730712891
42.990207672119
43.21509552002
42.889232635498
42.234825134277
43.309009552002
42.997333526611
43.121025085449
42.817489624023
43.134452819824
43.012004852295
42.817806243896
42.906677246094
42.846183776855
43.298431396484
42.805213928223
42.973815917969
42.952629089355
43.149997711182
42.942588806152
42.89538192749
42.236316680908
42.817611694336
43.016952514648
42.236396789551
42.92696762085
42.76097869873
42.937877655029
43.084526062012
43.45613861084
43.342826843262
43.171459197998
43.016616821289
42.813278198242
42.850845336914
42.984344482422
43.780723571777
44.542507171631
45.379531860352
44.542205810547
44.542205810547
43.662612915039
44.544467926025
43.615432739258
42.234111785889
42.987705230713
42.777141571045
43.797859191895
43.338596343994
43.668060302734
44.54146194458
44.541519165039
43.327499389648
45.42147064209
45.990550994873
47.207214355469
46.287673950195
47.207061767578
46.297103881836
46.133392333984
45.974403381348
45.132057189941
45.771976470947
46.219318389893
45.317752838135
45.317752838135
46.169452667236
47.928451538086
47.221336364746
47.220664978027
47.209743499756
46.343864440918
45.270816802979
44.542770385742
45.434043884277
45.738910675049
46.297370910645
45.850685119629
45.794101715088
45.846855163574
44.547737121582
44.548500061035
44.545249938965
44.546962738037
45.773597717285
45.773597717285
45.773597717285
45.333744049072
47.215236663818
47.216625213623
47.213802337646
46.283081054688
45.651782989502
45.17907333374
44.547378540039
45.836452484131
45.827049255371
45.997848510742
45.842437744141
45.803237915039
44.547080993652
45.254867553711
44.545230865479
44.546661376953
44.545269012451
44.549617767334
44.549617767334
44.549617767334
46.36727142334
47.212768554688
47.21155166626
47.209362030029
47.207107543945
45.799999237061
45.208400726318
44.551795959473
45.967041015625
45.841331481934
46.301937103271
45.873748779297
46.451843261719
44.546264648438
44.543479919434
44.549007415771
44.547508239746
44.547508239746
44.547508239746
44.547508239746
44.547508239746
45.22127532959
47.213203430176
47.212627410889
46.491985321045
46.314636230469
47.207088470459
45.495582580566
45.846027374268
46.000537872314
46.023170471191
46.023170471191
46.035099029541
45.886112213135
45.333251953125
45.192672729492
45.260974884033
45.377925872803
45.377925872803
45.377925872803
45.377925872803
45.377925872803
45.494930267334
45.494930267334
47.209926605225
47.207500457764
46.39289855957
46.39289855957
44.546463012695
45.347278594971
45.350631713867
45.981475830078
45.620754241943
45.620754241943
45.807163238525
45.777496337891
44.546546936035
44.547355651855
44.547355651855
44.547355651855
45.205863952637
45.205863952637
45.205863952637
45.205863952637
45.205863952637
45.357734680176
45.130519866943
44.547248840332
44.543998718262
44.543876647949
44.545936584473
45.902545928955
47.208076477051
47.206783294678
47.208835601807
47.213752746582
47.213752746582
47.206192016602
47.206192016602
47.206192016602
47.206192016602
47.206192016602
47.206192016602
47.206192016602
47.206192016602
47.206192016602
47.206192016602
46.420455932617
46.420455932617
46.420455932617
45.843173980713
46.199405670166
47.210163116455
47.207588195801
47.209774017334
47.212482452393
47.212482452393
47.213928222656
47.213928222656
47.213928222656
47.213928222656
47.213928222656
47.213928222656
47.212482452393
47.212482452393
47.209354400635
47.209354400635
47.209354400635
47.212135314941
47.212135314941
47.212135314941
46.365177154541
47.217094421387
36.719131469727
36.720558166504
45.672389984131
46.017295837402
47.215866088867
47.215942382812
36.721374511719
36.721374511719
36.721374511719
45.886672973633
45.395027160645
48.059841156006
45.992351531982
38.361824035645
38.365737915039
38.365737915039
36.717987060547
47.208835601807
47.208744049072
47.201457977295
47.209465026855
47.210418701172
45.847019195557
45.968643188477
45.571208953857
45.16682434082
44.545310974121
43.07954788208
43.27522277832
43.354316711426
44.54674911499
44.548221588135
44.541912078857
44.542213439941
43.464851379395
44.53609085083
45.195747375488
45.281467437744
44.542198181152
45.840919494629
45.827480316162
46.419906616211
46.419906616211
44.544616699219
44.542835235596
43.146430969238
43.269401550293
43.16720199585
43.129344940186
42.967029571533
43.026344299316
43.305683135986
43.349273681641
43.313499450684
42.975463867188
43.006034851074
43.475048065186
43.807098388672
44.540840148926
44.540061950684
43.602676391602
43.670516967773
44.544460296631
44.547149658203
43.339904785156
42.993957519531
42.898628234863
42.921722412109
43.189178466797
43.069122314453
43.078723907471
42.854648590088
43.32190322876
42.995960235596
43.310020446777
43.218154907227
43.182395935059
43.344253540039
43.311141967773
43.354194641113
43.5055809021
43.345920562744
43.29825592041
42.93830871582
42.236328125
43.152431488037
42.947727203369
43.310516357422
42.885173797607
43.014068603516
43.038871765137
43.01944732666
42.23539352417
43.148551940918
42.959758758545
43.169548034668
43.244915008545
43.013675689697
42.953475952148
43.077781677246
43.319969177246
43.067272186279
43.338176727295
43.091949462891
43.286239624023
42.814796447754
43.3092918396
43.040893554688
43.331718444824
42.985069274902
43.149959564209
43.008018493652
43.24564743042
42.236015319824
42.854358673096
43.206722259521
42.979507446289
43.307430267334
43.314914703369
43.324440002441
43.052963256836
43.477420806885
43.34920501709
43.423843383789
42.903553009033
43.30687713623
43.135089874268
43.193153381348
43.359310150146
43.240482330322
42.997406005859
43.315486907959
43.340259552002
43.49626159668
43.138217926025
42.958930969238
43.326972961426
43.342155456543
43.231609344482
42.949443817139
43.379814147949
42.990631103516
43.106586456299
42.984382629395
43.181617736816
42.971389770508
43.030387878418
43.335437774658
43.076171875
43.357540130615
43.151504516602
43.160007476807
43.032981872559
43.296794891357
42.846698760986
43.234184265137
42.810523986816
43.110008239746
42.944911956787
43.21940612793
43.041427612305
43.195713043213
43.327495574951
42.952819824219
42.943981170654
43.015289306641
43.076019287109
42.852867126465
43.2043800354
42.973693847656
43.305030822754
42.892082214355
43.238220214844
43.048442840576
43.364967346191
43.320648193359
43.036479949951
42.767654418945
43.308246612549
43.337547302246
43.050804138184
43.324645996094
43.346042633057
43.08228302002
43.331321716309
43.275726318359
42.979915618896
42.988388061523
43.473358154297
43.64794921875
43.748317718506
43.452331542969
43.124794006348
43.102729797363
43.026306152344
43.004005432129
43.359748840332
43.301273345947
43.045516967773
43.025207519531
43.075901031494
42.971733093262
43.246265411377
42.854019165039
43.137744903564
42.239715576172
43.423767089844
43.360282897949
43.575996398926
43.360847473145
43.17387008667
43.325702667236
43.292121887207
43.199115753174
42.802513122559
43.18928527832
42.914375305176
42.790596008301
43.144176483154
43.327568054199
42.855442047119
43.011211395264
43.337593078613
43.18087387085
42.793163299561
43.097610473633
43.351425170898
43.32243347168
43.36254119873
43.020236968994
43.299362182617
42.958736419678
43.319705963135
43.301792144775
43.489479064941
43.345085144043
43.324516296387
43.31615447998
43.301525115967
43.306106567383
42.916549682617
43.352409362793
42.234886169434
43.209377288818
42.866264343262
43.301082611084
42.978137969971
43.650245666504
43.242408752441
43.32116317749
42.236499786377
43.04695892334
43.307579040527
42.856781005859
42.933536529541
42.235527038574
42.234436035156
42.232692718506
42.233734130859
42.232257843018
44.540576934814
42.984691619873
42.230876922607
43.031959533691
43.184238433838
43.306816101074
43.306816101074
44.540985107422
44.540985107422
44.547985076904
47.203453063965
47.209583282471
48.699104309082
50.369983673096
50.369983673096
50.377983093262
43.028240203857
40.194549560547
40.194549560547
42.234348297119
42.233863830566
42.231857299805
42.795124053955
42.234828948975
42.236015319824
42.935813903809
43.008182525635
43.302764892578
42.930118560791
42.905628204346
42.980136871338
42.236625671387
43.095325469971
43.459442138672
48.143547058105
44.541122436523
44.540145874023
43.689800262451
42.232574462891
43.021987915039
42.930526733398
43.001113891602
42.236652374268
43.117599487305
42.792999267578
43.258697509766
42.929962158203
47.217250823975
48.478443145752
43.123844146729
43.138736724854
43.138736724854
42.919063568115
42.919063568115
42.869338989258
43.000133514404
43.028873443604
43.30379486084
42.801445007324
42.990497589111
43.620552062988
43.445327758789
42.994522094727
42.853096008301
42.832153320312
43.110836029053
42.825336456299
42.992324829102
43.196922302246
43.301727294922
42.234443664551
43.152145385742
42.880424499512
43.069549560547
42.931953430176
43.046306610107
42.974884033203
42.85232925415
43.1484375
42.908660888672
43.207778930664
42.754180908203
43.005168914795
42.236518859863
43.21785736084
43.116634368896
43.323776245117
43.374214172363
43.003463745117
43.305519104004
