69.0
48.016632080078
47.940063476562
47.903385162354
47.21785736084
47.218273162842
47.218273162842
47.215324401855
47.971458435059
47.214698791504
47.215114593506
47.215789794922
47.994194030762
47.220859527588
48.04878616333
47.217903137207
47.957481384277
47.993827819824
48.224655151367
47.929492950439
48.020050048828
48.016933441162
48.054046630859
48.337089538574
48.075374603271
48.088855743408
48.029747009277
48.044483184814
48.135711669922
48.05721282959
47.98908996582
47.945384979248
48.123100280762
47.973079681396
47.969741821289
47.944458007812
47.993312835693
47.220790863037
48.016960144043
47.891868591309
48.049087524414
48.080184936523
48.268943786621
47.916343688965
47.936115264893
47.21658706665
48.084537506104
48.005645751953
47.980484008789
48.092685699463
48.059947967529
48.161113739014
48.082485198975
47.940292358398
47.902877807617
48.176559448242
47.220336914062
47.99906539917
48.00910949707
48.091335296631
47.220188140869
48.040363311768
47.997936248779
47.955749511719
48.109924316406
47.97891998291
47.921195983887
47.218296051025
48.059036254883
47.220039367676
48.298534393311
47.950481414795
47.992984771729
47.969005584717
48.033718109131
47.925430297852
47.21802520752
47.999401092529
47.911312103271
48.117126464844
48.035255432129
47.99405670166
47.917911529541
48.073253631592
48.033603668213
48.051708221436
48.126125335693
48.031356811523
47.935276031494
48.142597198486
48.041454315186
47.217674255371
47.219924926758
47.987789154053
48.21879196167
47.219879150391
48.026725769043
47.217346191406
47.218864440918
48.003536224365
47.217399597168
48.032848358154
47.941619873047
48.068202972412
48.023342132568
47.976013183594
48.090686798096
48.031963348389
48.010334014893
47.218448638916
47.218841552734
48.016716003418
48.188800811768
47.933746337891
48.001152038574
48.464263916016
47.933002471924
48.017826080322
48.146968841553
47.218215942383
47.925121307373
48.30834197998
48.071086883545
47.219181060791
47.994899749756
47.998153686523
47.958003997803
47.909568786621
48.22615814209
47.94535446167
47.216865539551
48.052913665771
48.001033782959
47.956123352051
47.928199768066
48.052089691162
47.930728912354
47.220474243164
48.016754150391
48.113437652588
54.241271972656
54.240837097168
54.232482910156
54.810451507568
54.794406890869
54.899295806885
55.066703796387
55.008369445801
55.112300872803
54.953437805176
55.035469055176
55.059215545654
55.054039001465
54.98836517334
54.987586975098
55.026649475098
54.735984802246
54.24486541748
54.989444732666
55.043193817139
54.864139556885
55.137401580811
54.934753417969
54.241554260254
54.892860412598
54.924610137939
55.117248535156
55.045909881592
55.250267028809
54.774402618408
55.068061828613
54.991069793701
54.747943878174
54.993457794189
54.929496765137
54.748180389404
54.886505126953
54.954677581787
54.793907165527
54.970672607422
55.019538879395
55.090969085693
54.963996887207
55.47777557373
55.051582336426
54.95911026001
54.884185791016
55.028125762939
55.042148590088
54.925338745117
55.079235076904
55.146553039551
55.011703491211
55.107120513916
54.988922119141
55.156745910645
55.059505462646
55.03246307373
54.88981628418
54.963352203369
55.369209289551
54.994331359863
54.947731018066
55.22367477417
54.877647399902
54.960582733154
55.010753631592
55.239845275879
54.954971313477
54.899749755859
54.918563842773
54.924808502197
55.147838592529
54.980960845947
55.218353271484
55.074192047119
55.018432617188
54.946796417236
54.997356414795
54.909076690674
55.02502822876
54.998760223389
54.99592590332
54.878662109375
55.076396942139
55.077808380127
55.057247161865
55.128448486328
55.049915313721
54.896492004395
55.081867218018
54.940921783447
54.866497039795
55.05500793457
59.223331451416
59.232048034668
59.968307495117
59.922496795654
59.979862213135
59.95622253418
59.982635498047
59.239002227783
59.2346534729
60.003318786621
59.907844543457
59.850021362305
59.219886779785
59.237075805664
59.947067260742
59.940818786621
60.0163230896
59.961639404297
59.976360321045
60.012649536133
59.89514541626
59.951988220215
59.938919067383
59.976764678955
59.869892120361
59.991809844971
59.945434570312
59.94021987915
55.640567779541
55.162696838379
55.429683685303
55.146434783936
55.140491485596
55.273723602295
55.691757202148
59.215446472168
59.23645401001
59.98815536499
59.897033691406
59.225780487061
59.233947753906
59.231456756592
59.21887588501
59.200981140137
59.234977722168
59.232501983643
59.221210479736
59.994201660156
60.002773284912
59.930725097656
59.964302062988
60.101402282715
59.937133789062
59.977298736572
60.073921203613
60.005359649658
60.017276763916
60.04386138916
60.034725189209
60.053497314453
60.001689910889
60.031898498535
59.874290466309
59.998229980469
59.943641662598
60.044326782227
60.061641693115
59.953926086426
60.003707885742
60.050369262695
60.013004302979
60.021671295166
59.995452880859
60.032913208008
60.015937805176
59.987110137939
60.04524230957
60.00170135498
60.002899169922
60.090972900391
59.959636688232
60.010082244873
60.020950317383
60.02127456665
60.028701782227
59.981258392334
60.044410705566
59.999961853027
59.970565795898
60.008003234863
60.004199981689
59.949634552002
60.033218383789
59.983448028564
59.954662322998
59.993991851807
60.008033752441
59.990219116211
60.01188659668
60.009887695312
60.043292999268
60.048671722412
59.97526550293
60.048141479492
60.038692474365
59.9748878479
59.980892181396
60.042415618896
59.971126556396
59.953155517578
60.017574310303
59.959281921387
60.048290252686
60.026622772217
59.991725921631
60.002174377441
60.018867492676
60.008071899414
60.052223205566
60.082466125488
60.037418365479
60.063289642334
60.006217956543
59.983978271484
60.048526763916
59.991287231445
59.984222412109
60.005214691162
59.995223999023
59.994602203369
60.023136138916
60.069805145264
60.02596282959
59.986045837402
60.01940536499
60.060520172119
60.024421691895
60.01619720459
60.058586120605
60.010875701904
60.044128417969
60.023857116699
59.972812652588
59.988471984863
60.012596130371
60.014434814453
60.054122924805
60.002712249756
60.042030334473
60.038776397705
60.14741897583
61.424472808838
60.727909088135
60.771278381348
61.138050079346
60.90784072876
60.49059677124
60.064018249512
60.032669067383
59.988117218018
60.022392272949
59.996360778809
60.081352233887
60.060585021973
59.961559295654
60.487274169922
60.937030792236
60.821617126465
61.427749633789
61.310260772705
61.647361755371
61.406661987305
61.871646881104
61.751129150391
62.007301330566
61.891887664795
62.055282592773
61.952262878418
61.96590423584
61.968143463135
61.896396636963
62.06916809082
61.958187103271
61.829399108887
62.017120361328
62.075546264648
62.070220947266
61.94758605957
62.162208557129
61.988677978516
62.037132263184
62.055141448975
62.022682189941
61.996223449707
62.011493682861
61.955223083496
62.041614532471
62.051425933838
62.022911071777
62.077056884766
62.043266296387
62.264842987061
62.114334106445
62.029472351074
62.002670288086
62.071296691895
62.179332733154
62.222301483154
62.001815795898
61.959064483643
61.971492767334
61.981300354004
61.953144073486
61.977741241455
61.919696807861
61.96711730957
61.985176086426
62.059356689453
62.063167572021
62.033676147461
62.09631729126
61.990180969238
62.020832061768
61.970600128174
62.033737182617
61.923915863037
61.991329193115
61.990077972412
62.027729034424
62.043453216553
62.104923248291
62.004230499268
61.975967407227
62.000736236572
63.592506408691
63.882911682129
64.001220703125
62.658031463623
62.28434753418
63.467826843262
63.837917327881
64.000381469727
62.493339538574
62.223793029785
61.986930847168
62.035110473633
61.92359161377
62.088672637939
62.249568939209
62.071899414062
61.911056518555
62.070693969727
61.989158630371
62.030418395996
62.010620117188
62.020965576172
61.997951507568
62.110557556152
62.098773956299
62.063522338867
62.039566040039
62.225685119629
62.153453826904
62.060859680176
62.14155960083
62.02906036377
61.999008178711
62.033821105957
61.868057250977
62.025505065918
62.041980743408
62.015537261963
62.037799835205
62.032497406006
62.057765960693
61.995204925537
61.834358215332
62.005680084229
62.049095153809
61.986568450928
61.997386932373
62.003162384033
61.980125427246
61.99446105957
62.024097442627
61.977104187012
61.965881347656
61.977890014648
62.050472259521
61.993137359619
62.033031463623
62.175735473633
61.868026733398
63.753341674805
63.811660766602
63.942905426025
63.742340087891
63.932613372803
63.649406433105
63.844596862793
63.734733581543
63.932857513428
63.523693084717
63.509880065918
63.852958679199
63.652698516846
63.963256835938
63.844596862793
63.944179534912
64.095069885254
62.689170837402
62.503574371338
63.512233734131
63.887195587158
63.967254638672
63.932964324951
64.088287353516
63.988574981689
63.96297454834
63.962417602539
63.966217041016
63.965152740479
63.968425750732
64.002815246582
63.935581207275
64.003349304199
63.9768409729
64.057502746582
64.01432800293
64.029403686523
64.00366973877
63.843753814697
63.873516082764
63.975086212158
63.975410461426
63.940738677979
64.039344787598
63.994747161865
63.861724853516
63.939617156982
63.960845947266
63.9580078125
64.008499145508
63.964550018311
64.00789642334
63.97928237915
64.041427612305
63.757385253906
63.965293884277
63.999073028564
63.978931427002
64.007217407227
64.000175476074
63.995025634766
64.013000488281
64.057327270508
64.089462280273
44.556011199951
64.015922546387
64.033195495605
64.025634765625
63.867763519287
63.977188110352
64.033317565918
64.021347045898
64.010902404785
64.091445922852
63.97114944458
63.986988067627
64.0
64.043479919434
63.937183380127
64.046119689941
64.020820617676
63.983795166016
63.980716705322
64.038818359375
66.169151306152
66.191101074219
66.217376708984
66.223419189453
66.217010498047
66.207656860352
66.200782775879
65.879776000977
66.199829101562
66.193641662598
66.198616027832
66.180610656738
66.183540344238
66.212524414062
66.208740234375
66.221733093262
66.211975097656
66.182929992676
66.200019836426
66.204246520996
66.2158203125
66.192588806152
66.230354309082
66.223236083984
66.221687316895
66.219085693359
66.170707702637
66.212287902832
66.226463317871
66.226837158203
66.228424072266
66.224273681641
66.222770690918
66.211441040039
66.223472595215
66.220695495605
66.222023010254
64.94197845459
64.712265014648
64.735771179199
66.198318481445
66.225219726562
66.214027404785
66.226959228516
66.225578308105
66.224319458008
66.222412109375
66.196975708008
66.220855712891
66.235893249512
66.21866607666
66.228698730469
66.229057312012
66.221115112305
66.225219726562
66.230339050293
66.223152160645
66.209014892578
66.205276489258
66.217124938965
66.209091186523
66.225196838379
66.22331237793
66.220642089844
66.216674804688
66.222114562988
66.225624084473
66.220222473145
66.215774536133
66.20378112793
43.321891784668
42.230270385742
66.224067687988
66.226852416992
66.203071594238
66.219039916992
66.220909118652
66.222587585449
66.223915100098
66.844329833984
66.845428466797
66.9775390625
66.994934082031
67.126167297363
67.008232116699
66.902572631836
66.920135498047
67.096389770508
67.084808349609
67.069358825684
67.090347290039
67.146644592285
67.045463562012
67.053596496582
66.892471313477
67.065711975098
67.0283203125
67.030372619629
67.069290161133
67.068634033203
67.040145874023
67.014541625977
67.009567260742
67.038352966309
67.016990661621
67.010650634766
67.034774780273
67.007385253906
67.100135803223
67.229110717773
67.033988952637
67.096504211426
66.986610412598
67.08854675293
67.039909362793
67.105865478516
67.443656921387
67.087821960449
67.177711486816
66.993522644043
67.281211853027
67.092880249023
67.165267944336
67.212257385254
67.111480712891
67.209487915039
67.072715759277
67.116004943848
67.123756408691
67.067771911621
67.104110717773
67.037734985352
67.115837097168
67.230125427246
67.036460876465
67.134155273438
66.748001098633
67.031211853027
67.142272949219
67.007743835449
66.966987609863
67.029037475586
67.017242431641
68.751266479492
68.713821411133
68.615371704102
68.642715454102
68.221817016602
68.669319152832
68.470825195312
68.327896118164
68.969169616699
68.975570678711
68.932243347168
68.96272277832
68.889686584473
68.778663635254
68.345710754395
68.82364654541
68.732353210449
68.831039428711
68.889122009277
68.831024169922
68.952827453613
69.001808166504
69.068130493164
69.209075927734
69.02815246582
69.023559570312
69.002952575684
69.161064147949
69.173805236816
69.048789978027
69.153579711914
69.000389099121
69.022384643555
69.06014251709
69.011108398438
69.107528686523
69.027893066406
69.174194335938
68.993118286133
69.097038269043
69.048652648926
69.084846496582
69.115249633789
69.108543395996
69.062660217285
69.066268920898
69.082832336426
69.230422973633
68.841400146484
69.031639099121
69.033500671387
69.052314758301
69.033462524414
69.021270751953
69.162452697754
69.105529785156
69.02082824707
68.989814758301
69.003105163574
68.973899841309
68.992263793945
68.999473571777
69.11515045166
69.042182922363
69.026260375977
69.066352844238
68.987655639648
69.051849365234
69.001266479492
69.035507202148
69.017044067383
68.995376586914
69.115409851074
70.245735168457
70.308113098145
70.762886047363
70.947898864746
70.884269714355
70.651893615723
70.857978820801
70.865821838379
71.084487915039
70.993988037109
70.968772888184
71.005676269531
70.959487915039
70.988075256348
71.006141662598
71.122024536133
71.082336425781
71.53401184082
70.983406066895
70.993583679199
70.963623046875
71.056488037109
71.044342041016
71.001541137695
71.053039550781
71.105621337891
71.100639343262
71.024780273438
71.023834228516
71.029190063477
70.996696472168
71.080192565918
71.036178588867
71.031066894531
71.10270690918
71.085372924805
70.995491027832
70.999954223633
71.04564666748
71.087371826172
71.066040039062
71.931045532227
71.730140686035
71.856796264648
71.712287902832
71.926300048828
72.005226135254
71.942367553711
71.953979492188
71.954109191895
71.966842651367
71.943542480469
71.911170959473
71.952972412109
72.197937011719
72.0771484375
71.919326782227
71.99543762207
72.073890686035
72.06078338623
72.112854003906
71.425796508789
71.306854248047
71.251792907715
71.337020874023
71.631019592285
71.267723083496
71.101341247559
71.099159240723
71.191696166992
71.872138977051
72.06608581543
71.910980224609
71.915252685547
72.036819458008
72.003768920898
72.018341064453
71.991348266602
71.971855163574
71.971420288086
72.029891967773
71.953666687012
71.987327575684
71.976287841797
72.036712646484
71.944122314453
71.995735168457
72.006927490234
72.052635192871
72.012916564941
71.983917236328
72.0361328125
71.960891723633
71.968719482422
71.987373352051
71.986694335938
73.597145080566
73.959785461426
73.726493835449
73.957389831543
73.877220153809
73.950439453125
73.918663024902
73.948265075684
73.994018554688
73.98641204834
74.02855682373
74.014144897461
74.083038330078
74.348403930664
74.718910217285
74.251029968262
74.312873840332
49.394603729248
49.842002868652
74.382415771484
49.724800109863
50.343822479248
74.186965942383
74.494514465332
49.05590057373
50.344245910645
49.770950317383
49.847076416016
49.637542724609
47.976070404053
49.806610107422
49.743747711182
47.21223449707
74.151245117188
74.074607849121
74.007698059082
73.997756958008
73.946998596191
74.013916015625
74.021194458008
74.082984924316
74.399475097656
74.42936706543
74.283882141113
74.2138671875
74.069633483887
74.259773254395
50.936656951904
74.028587341309
74.090225219727
74.046272277832
73.953269958496
73.984321594238
73.983352661133
73.990356445312
75.596618652344
75.609298706055
75.805534362793
75.549140930176
74.895690917969
74.660202026367
74.834846496582
75.275436401367
75.882034301758
75.888305664062
75.883178710938
75.976654052734
75.476188659668
74.484596252441
75.053115844727
75.582183837891
75.96923828125
75.799758911133
75.345733642578
74.687049865723
76.001197814941
76.008773803711
75.962341308594
75.976676940918
75.938774108887
75.978866577148
75.989616394043
75.988822937012
75.953964233398
76.000900268555
75.977767944336
75.893089294434
75.956214904785
75.97046661377
75.955627441406
75.980560302734
75.984748840332
75.986137390137
75.995559692383
75.966690063477
75.977745056152
76.868019104004
77.972106933594
76.031913757324
77.298309326172
75.984657287598
76.457939147949
76.366729736328
76.335639953613
75.965240478516
76.005065917969
75.975624084473
77.058448791504
77.183647155762
77.471878051758
76.868560791016
77.477767944336
76.852416992188
77.599067687988
78.123237609863
77.81339263916
78.146987915039
78.155242919922
78.139503479004
78.121650695801
78.160972595215
78.126754760742
78.179359436035
78.171089172363
78.136260986328
78.168601989746
78.167045593262
78.141967773438
78.182472229004
78.176208496094
78.135246276855
78.169860839844
78.174644470215
78.152770996094
78.182144165039
78.174026489258
78.185653686523
78.158973693848
78.183837890625
78.166328430176
78.167289733887
78.168502807617
77.067649841309
77.498565673828
76.488647460938
77.08260345459
77.087615966797
76.200294494629
76.318023681641
76.487724304199
75.987358093262
75.00944519043
75.061622619629
74.352729797363
74.755958557129
74.361831665039
75.228553771973
74.804969787598
75.482460021973
74.648223876953
74.993942260742
75.705078125
75.898483276367
75.428848266602
75.458541870117
75.624870300293
75.924598693848
77.080619812012
76.821220397949
77.529647827148
77.603874206543
77.297943115234
78.124382019043
78.23893737793
78.171592712402
78.135986328125
78.183464050293
78.766738891602
78.291534423828
78.179077148438
78.15412902832
78.32398223877
78.269004821777
78.935432434082
78.729881286621
78.512466430664
78.480239868164
78.776351928711
78.872055053711
78.845901489258
78.933242797852
78.794471740723
78.864303588867
78.949798583984
78.982765197754
78.873687744141
78.976142883301
78.959495544434
78.951629638672
78.965919494629
78.949371337891
78.961639404297
78.965484619141
78.964500427246
78.955184936523
78.990760803223
78.970108032227
78.976493835449
78.980285644531
79.320846557617
78.985809326172
78.999855041504
78.19652557373
78.283851623535
78.175872802734
78.359115600586
78.248519897461
78.196937561035
78.180999755859
78.174194335938
78.151336669922
78.155174255371
78.180763244629
78.155075073242
78.181282043457
78.152473449707
78.175216674805
78.162254333496
78.185592651367
78.189262390137
78.183265686035
78.141105651855
78.181106567383
78.183654785156
78.180290222168
78.152488708496
78.166366577148
78.124526977539
78.1728515625
78.1806640625
78.170372009277
78.147277832031
78.176193237305
78.167701721191
78.188133239746
78.117347717285
78.171684265137
78.110862731934
78.157447814941
78.164947509766
78.158065795898
78.019485473633
78.168121337891
78.150901794434
78.156967163086
78.173271179199
78.164085388184
78.169418334961
78.166305541992
78.272109985352
78.247261047363
78.227737426758
78.623291015625
78.282669067383
78.843742370605
80.231826782227
79.783020019531
80.255638122559
79.885749816895
80.50846862793
79.478340148926
80.455604553223
80.744277954102
80.51000213623
80.742492675781
80.979301452637
80.745452880859
80.195594787598
80.957695007324
80.961311340332
80.93123626709
80.956024169922
80.966911315918
80.984001159668
80.982299804688
80.830307006836
80.985496520996
81.016792297363
80.997695922852
80.97029876709
80.957725524902
80.983268737793
81.021827697754
80.992744445801
80.989555358887
80.995178222656
80.989097595215
80.992622375488
81.013526916504
80.979454040527
80.956123352051
80.992935180664
81.007530212402
82.382530212402
82.10277557373
81.286155700684
82.329849243164
81.88468170166
81.966682434082
82.867630004883
82.090965270996
82.910491943359
82.412727355957
82.75065612793
82.913757324219
82.583213806152
82.688720703125
82.53980255127
82.89623260498
82.899772644043
82.979225158691
83.042503356934
82.963928222656
82.928100585938
82.971374511719
82.978294372559
82.967994689941
82.960708618164
83.060974121094
82.963394165039
82.973007202148
82.965408325195
83.027740478516
82.962768554688
82.922180175781
82.966125488281
82.936401367188
82.958557128906
82.941436767578
82.934410095215
82.957450866699
82.950996398926
83.405258178711
83.084228515625
83.353569030762
83.912666320801
83.927207946777
83.855812072754
83.9150390625
83.941291809082
83.918426513672
83.976921081543
83.94123840332
83.980644226074
84.011871337891
83.922889709473
84.03596496582
84.007781982422
84.011619567871
84.001007080078
83.979209899902
83.988143920898
83.984512329102
84.010314941406
83.983085632324
83.996253967285
83.992485046387
83.993057250977
83.985153198242
84.000198364258
83.966217041016
83.997093200684
84.02880859375
84.281356811523
84.046737670898
83.970962524414
83.96208190918
84.001251220703
84.04914855957
83.987037658691
84.000389099121
84.07967376709
84.002197265625
84.01416015625
84.004531860352
84.008804321289
84.010528564453
84.025146484375
84.018440246582
84.026100158691
84.015968322754
84.02172088623
85.170143127441
84.672706604004
84.990379333496
85.505683898926
85.700859069824
85.969230651855
85.950614929199
85.904266357422
85.967803955078
85.723983764648
85.923110961914
85.970588684082
85.945266723633
86.016021728516
85.978561401367
85.936447143555
85.966957092285
85.997817993164
85.987480163574
85.95352935791
85.963340759277
85.975723266602
85.986488342285
85.96598815918
85.986145019531
86.023635864258
74.520408630371
86.074798583984
86.027191162109
85.994522094727
86.006340026855
85.999481201172
85.982559204102
85.982788085938
86.000381469727
85.969940185547
86.01016998291
86.005256652832
86.000793457031
86.029632568359
86.025047302246
86.026161193848
86.034027099609
86.029899597168
86.047790527344
85.966255187988
85.989387512207
85.975959777832
86.051261901855
86.04182434082
86.061447143555
85.980010986328
85.972274780273
86.769371032715
86.732597351074
87.540313720703
86.728233337402
87.662971496582
86.956665039062
87.839195251465
86.784164428711
87.794044494629
87.752212524414
87.966949462891
87.899696350098
87.843711853027
87.881462097168
88.00479888916
87.999221801758
87.987670898438
88.007141113281
87.97290802002
87.98796081543
87.990997314453
87.99193572998
87.990676879883
87.990753173828
87.989883422852
88.000396728516
87.962593078613
87.938888549805
87.993041992188
87.986030578613
87.975410461426
88.004028320312
88.007537841797
88.005416870117
87.99146270752
87.997756958008
87.987907409668
88.000747680664
87.998580932617
87.993728637695
87.969245910645
87.965309143066
88.000541687012
87.991813659668
87.931259155273
88.887588500977
88.576965332031
89.151756286621
89.486968994141
89.4755859375
89.814498901367
88.93083190918
89.863830566406
89.242195129395
89.852394104004
88.592727661133
89.332664489746
89.834869384766
89.900169372559
89.857376098633
89.927383422852
89.896797180176
89.84415435791
89.96541595459
89.967262268066
89.969039916992
89.983016967773
89.984909057617
89.996337890625
89.980072021484
90.004386901855
90.038314819336
89.991577148438
89.971946716309
89.953254699707
89.973831176758
89.970985412598
89.992828369141
90.035377502441
89.982475280762
89.998146057129
90.000671386719
89.966979980469
89.981918334961
90.064559936523
90.010101318359
89.966232299805
89.974769592285
89.980743408203
89.984893798828
90.386611938477
89.998901367188
90.847381591797
90.496223449707
90.845916748047
90.405258178711
90.955192565918
90.783996582031
90.935752868652
90.91641998291
90.916465759277
90.96076965332
90.888748168945
90.262405395508
90.01537322998
90.560768127441
90.543106079102
90.283798217773
90.587188720703
90.899559020996
90.841285705566
90.869293212891
90.863830566406
90.934562683105
90.973678588867
90.753303527832
90.963096618652
90.946434020996
90.976516723633
90.75798034668
90.892791748047
90.975120544434
90.946472167969
90.99340057373
90.928039550781
90.976463317871
90.994911193848
90.984146118164
90.987930297852
91.005065917969
90.977241516113
90.970680236816
90.987083435059
90.977424621582
90.966697692871
90.98567199707
90.978698730469
90.971572875977
90.973793029785
90.974639892578
90.975715637207
90.980361938477
90.974502563477
90.979545593262
90.987724304199
91.072410583496
90.98282623291
90.992042541504
90.986747741699
91.01782989502
90.970802307129
90.982238769531
90.996086120605
90.986724853516
90.964859008789
90.98087310791
90.980400085449
90.978050231934
90.99291229248
90.983879089355
90.987335205078
90.956726074219
90.971153259277
90.963256835938
91.114891052246
91.153625488281
92.209510803223
92.937995910645
92.788017272949
92.256332397461
92.873321533203
92.96215057373
92.820724487305
92.798881530762
92.824981689453
92.966766357422
92.869979858398
92.917663574219
92.709991455078
92.943862915039
92.959411621094
92.478973388672
92.969329833984
92.934410095215
92.930435180664
92.955574035645
92.921501159668
92.954193115234
92.94539642334
92.962547302246
92.964736938477
92.965232849121
92.944869995117
92.943962097168
92.949989318848
92.93132019043
92.963348388672
92.946006774902
92.964935302734
92.964500427246
92.955574035645
92.948432922363
92.951995849609
92.957000732422
92.961700439453
93.01171875
93.009864807129
92.952606201172
92.968826293945
92.921997070312
92.961196899414
92.940658569336
92.940589904785
92.94881439209
92.934753417969
92.963111877441
92.954231262207
92.955078125
92.950866699219
92.959327697754
92.957809448242
92.957160949707
92.949325561523
92.943954467773
92.956581115723
92.925880432129
92.951766967773
92.939743041992
92.942123413086
92.948867797852
92.961418151855
92.945533752441
92.965873718262
92.965782165527
92.95433807373
92.967987060547
92.984268188477
92.957405090332
92.960418701172
92.935485839844
92.95630645752
92.96272277832
92.941284179688
94.454063415527
93.000419616699
94.218353271484
94.676391601562
94.165191650391
94.601013183594
94.723251342773
93.700881958008
94.485061645508
94.801116943359
94.674659729004
94.840827941895
94.844459533691
94.888542175293
94.940330505371
94.814338684082
94.866592407227
94.970260620117
94.857536315918
94.950233459473
94.963928222656
94.954452514648
94.951385498047
94.956741333008
94.961349487305
94.949645996094
94.951309204102
94.984550476074
94.956520080566
94.961959838867
94.952850341797
94.959403991699
94.948394775391
94.955390930176
94.948165893555
94.928657531738
94.954559326172
94.962104797363
94.953559875488
94.941940307617
94.955909729004
94.962257385254
94.93724822998
94.952346801758
94.958274841309
94.955764770508
94.950149536133
94.946441650391
94.97444152832
94.935577392578
94.954452514648
94.959434509277
94.954010009766
94.905227661133
94.962333679199
94.940185546875
94.940536499023
94.948776245117
94.930770874023
94.96223449707
94.963645935059
94.953506469727
94.926193237305
94.963920593262
94.985565185547
94.970428466797
94.971481323242
94.99885559082
94.978240966797
94.994583129883
94.994979858398
95.009033203125
95.111358642578
95.011459350586
95.038688659668
76.258308410645
95.103813171387
76.209777832031
44.548755645752
76.323135375977
83.20288848877
43.077926635742
43.155422210693
83.128868103027
45.858337402344
44.544189453125
76.149635314941
43.238925933838
44.549964904785
45.895614624023
44.546474456787
44.545440673828
43.061729431152
43.176986694336
43.098899841309
43.213191986084
43.087825775146
43.052665710449
43.332141876221
43.088745117188
43.240650177002
43.054100036621
43.199352264404
43.121753692627
43.137321472168
43.026641845703
43.265247344971
43.258987426758
43.543609619141
43.352737426758
42.980003356934
42.778617858887
42.898578643799
43.299633026123
43.222244262695
43.300868988037
42.760704040527
43.280132293701
43.013935089111
43.064739227295
42.234619140625
43.309635162354
43.08772277832
42.827789306641
43.143665313721
43.056606292725
42.932693481445
42.949501037598
43.228607177734
43.160152435303
43.332817077637
42.773944854736
43.250385284424
42.884746551514
43.314033508301
43.232486724854
