69.0
45.435279846191
44.552116394043
44.55298614502
44.548309326172
45.821990966797
45.423160552979
44.550357818604
45.627506256104
45.601280212402
45.82710647583
45.296169281006
45.216960906982
45.338470458984
49.236209869385
50.365676879883
50.364635467529
50.365238189697
50.364326477051
50.365268707275
50.36478805542
50.363319396973
50.361259460449
48.35950088501
45.451026916504
48.228931427002
49.356132507324
50.361442565918
50.36222076416
50.365112304688
50.36563873291
50.365139007568
50.362327575684
50.359939575195
50.36056137085
49.168544769287
48.146251678467
47.215129852295
45.772445678711
45.33194732666
45.31852722168
44.547172546387
45.533626556396
47.213584899902
50.364883422852
50.36483001709
50.365207672119
50.364646911621
50.365047454834
50.365112304688
50.364772796631
50.364082336426
50.364189147949
50.363628387451
50.363464355469
50.365489959717
50.365245819092
50.364528656006
50.364665985107
50.361824035645
50.365184783936
50.36474609375
50.364311218262
50.364944458008
50.365634918213
50.364036560059
50.365089416504
50.36536026001
50.364837646484
50.365009307861
50.364665985107
50.365894317627
50.364170074463
50.364837646484
50.365482330322
50.365383148193
50.364906311035
50.364482879639
50.364253997803
50.363807678223
50.364738464355
50.36547088623
50.365573883057
50.3639793396
50.365985870361
50.365882873535
50.364158630371
50.361343383789
50.363929748535
50.365047454834
50.367038726807
50.365230560303
50.364570617676
50.365207672119
50.366516113281
45.827743530273
56.046257019043
55.843975067139
56.928699493408
56.9814453125
57.010372161865
56.931774139404
57.037815093994
56.999187469482
56.934791564941
56.828121185303
56.956047058105
56.819988250732
56.824035644531
56.910537719727
56.901016235352
57.005729675293
56.947525024414
57.022270202637
56.980060577393
57.00301361084
57.017993927002
57.072982788086
57.01342010498
57.04634475708
56.980163574219
57.014476776123
56.985260009766
56.997676849365
57.056365966797
56.975574493408
57.062877655029
57.054683685303
56.982357025146
56.998878479004
57.083183288574
57.037143707275
57.002113342285
56.958503723145
57.070030212402
56.979343414307
56.985572814941
56.851459503174
56.980094909668
56.934253692627
56.981956481934
56.934993743896
57.041007995605
56.975833892822
56.988151550293
57.046802520752
57.011692047119
57.021633148193
56.993988037109
57.085647583008
57.025417327881
56.973964691162
57.026435852051
57.029346466064
56.987476348877
57.018363952637
57.020492553711
57.874008178711
59.207630157471
60.975437164307
59.231536865234
61.276931762695
60.021350860596
59.224876403809
58.39599609375
60.697216033936
60.886833190918
61.32105255127
61.504726409912
61.97830581665
62.007164001465
62.080501556396
61.958480834961
61.994472503662
62.042972564697
62.119163513184
61.972579956055
61.967658996582
61.899715423584
61.872657775879
61.848209381104
61.900157928467
61.936977386475
62.046627044678
62.011497497559
62.032699584961
62.026481628418
62.049034118652
61.99271774292
61.998996734619
61.999320983887
61.985260009766
62.001361846924
61.987140655518
61.982578277588
61.990257263184
62.025108337402
61.915851593018
61.986320495605
61.997520446777
61.985233306885
61.979808807373
62.031997680664
62.060043334961
62.019630432129
61.972900390625
62.060291290283
62.04927444458
61.873306274414
62.02269744873
62.008762359619
61.992366790771
61.998073577881
62.013977050781
61.948776245117
61.890758514404
64.004905700684
63.91316986084
63.825763702393
63.333232879639
63.948474884033
63.920818328857
63.718780517578
63.201599121094
63.974056243896
63.927780151367
63.801422119141
63.40348815918
63.777320861816
63.757884979248
63.761951446533
63.897232055664
63.928863525391
63.797748565674
63.848796844482
63.86547088623
64.014266967773
63.824493408203
63.906581878662
63.849151611328
63.870800018311
64.236785888672
64.102058410645
64.075088500977
64.362213134766
64.01252746582
64.08869934082
64.08846282959
44.556266784668
63.941036224365
64.028289794922
64.1015625
64.124450683594
64.930061340332
65.023170471191
64.851860046387
66.988716125488
66.922019958496
66.955291748047
66.270805358887
65.011276245117
64.828422546387
64.972305297852
64.846153259277
65.034759521484
65.11669921875
65.351470947266
65.141876220703
65.046600341797
65.025314331055
65.030784606934
65.232032775879
66.166564941406
65.163139343262
65.44457244873
65.197158813477
65.113746643066
65.042640686035
65.046485900879
64.916015625
64.97142791748
65.068061828613
65.088493347168
64.981498718262
65.00456237793
65.153854370117
64.958396911621
64.936637878418
66.166702270508
65.032165527344
65.116203308105
65.280227661133
64.817008972168
65.178535461426
65.047546386719
65.020454406738
65.117340087891
65.009101867676
64.968322753906
65.097785949707
65.015655517578
64.992744445801
64.971649169922
64.917594909668
65.256362915039
65.026847839355
65.053665161133
64.917449951172
64.953903198242
64.956398010254
65.162948608398
64.935050964355
64.91153717041
65.002990722656
65.05411529541
65.050109863281
64.90461730957
64.945297241211
65.054298400879
64.886123657227
65.004745483398
65.3544921875
64.925193786621
64.957618713379
65.076179504395
66.624504089355
66.752113342285
66.781204223633
66.836853027344
66.939849853516
67.028678894043
66.95824432373
66.91357421875
66.939559936523
66.954620361328
66.86205291748
66.827354431152
66.527069091797
66.663963317871
66.28205871582
66.957710266113
67.125770568848
67.142677307129
66.995483398438
67.032821655273
66.98193359375
66.951095581055
66.981163024902
66.936698913574
66.986930847168
66.91911315918
66.987648010254
67.020309448242
66.959617614746
66.957229614258
66.989723205566
66.989143371582
66.893646240234
67.018508911133
66.984596252441
66.982284545898
66.988632202148
67.007507324219
67.01033782959
67.020584106445
66.986717224121
67.08740234375
67.030418395996
67.091590881348
66.973480224609
66.893859863281
67.068161010742
55.009078979492
54.967391967773
54.247409820557
67.095687866211
67.217475891113
66.991424560547
67.007011413574
67.021575927734
67.018501281738
67.019203186035
67.00537109375
67.012260437012
67.052635192871
67.041915893555
66.93480682373
66.996726989746
66.995216369629
67.047073364258
66.953056335449
67.020927429199
66.990028381348
66.991065979004
66.936248779297
66.976127624512
66.975395202637
66.986541748047
66.99471282959
66.997222900391
68.402053833008
68.862632751465
68.88899230957
68.390022277832
68.775978088379
68.739112854004
68.76921081543
68.987289428711
68.999732971191
68.904708862305
68.542098999023
68.923538208008
68.998161315918
68.988624572754
68.952682495117
68.958229064941
68.811279296875
70.937553405762
71.00830078125
70.975662231445
69.74462890625
70.775978088379
70.738327026367
70.186149597168
69.128028869629
68.998405456543
68.964309692383
69.177795410156
69.04216003418
69.022346496582
68.997383117676
69.019592285156
69.055282592773
69.375579833984
69.091957092285
69.148887634277
69.456939697266
69.235229492188
69.041923522949
69.053199768066
69.053176879883
69.011283874512
68.997993469238
69.076477050781
69.062744140625
69.017692565918
69.022315979004
69.062866210938
69.026344299316
69.025978088379
69.059860229492
69.015846252441
69.020820617676
69.111083984375
69.02449798584
68.99186706543
69.077903747559
69.021781921387
68.975456237793
69.010475158691
69.035781860352
69.01473236084
69.039222717285
70.596687316895
70.706115722656
70.536972045898
70.908706665039
70.945930480957
70.423522949219
70.83024597168
70.770622253418
70.481536865234
69.826461791992
70.882858276367
70.86589050293
70.64990234375
70.825637817383
70.789451599121
70.58430480957
70.909172058105
70.939208984375
70.916816711426
70.972328186035
70.996185302734
71.013694763184
70.935470581055
71.028984069824
71.033241271973
70.989753723145
71.022087097168
71.020408630371
70.867782592773
71.003189086914
71.041954040527
71.024429321289
70.991470336914
71.016868591309
71.052223205566
71.03084564209
71.132369995117
46.69490814209
71.039688110352
71.087760925293
71.274955749512
71.182083129883
71.100372314453
71.400169372559
47.195919036865
71.06974029541
71.110244750977
71.209693908691
71.955688476562
71.870292663574
71.693336486816
71.954124450684
72.088676452637
71.734962463379
71.976737976074
72.015594482422
71.787048339844
45.198776245117
72.081901550293
72.201118469238
47.231628417969
72.072875976562
72.079254150391
72.245414733887
72.029106140137
72.044364929199
72.05793762207
72.03604888916
72.074935913086
72.107788085938
72.038032531738
72.234443664551
47.234024047852
72.07088470459
72.189888000488
72.285659790039
72.033805847168
72.067626953125
72.225593566895
72.051055908203
72.143585205078
72.096054077148
72.009887695312
72.044334411621
72.073547363281
73.808326721191
73.966766357422
73.846221923828
73.741355895996
73.872146606445
73.892845153809
74.129791259766
73.999710083008
73.82250213623
73.84114074707
73.984931945801
73.986610412598
73.927734375
73.99690246582
74.082458496094
74.046691894531
73.984283447266
73.984085083008
74.014701843262
73.966354370117
74.050254821777
74.076560974121
73.951545715332
73.963035583496
74.002433776855
73.997657775879
73.982551574707
73.993957519531
73.919097900391
73.958526611328
73.959182739258
73.931686401367
73.991279602051
74.001457214355
73.988800048828
74.023223876953
74.831581115723
74.015518188477
73.971809387207
73.99755859375
73.962669372559
74.014114379883
73.967758178711
74.047431945801
74.201202392578
74.008483886719
73.998847961426
73.972351074219
73.966529846191
73.985870361328
73.972816467285
73.947998046875
75.586608886719
75.583923339844
75.217979431152
74.19506072998
74.874992370605
74.648307800293
74.79899597168
75.972831726074
75.875495910645
75.628791809082
75.928779602051
76.027153015137
75.892959594727
75.901824951172
75.836975097656
75.978302001953
76.007545471191
75.93334197998
75.730728149414
74.762962341309
75.981430053711
75.968544006348
75.776466369629
75.86181640625
75.979415893555
75.961761474609
75.846733093262
75.927711486816
75.927696228027
76.139762878418
75.967170715332
75.983795166016
75.992332458496
76.009376525879
75.99730682373
76.024215698242
76.059288024902
75.990585327148
75.988212585449
75.991561889648
75.984382629395
75.971054077148
75.929740905762
75.986808776855
76.036712646484
76.037879943848
75.982566833496
75.98949432373
76.100654602051
75.997665405273
75.997047424316
76.005836486816
76.044380187988
76.138999938965
76.057098388672
76.034606933594
76.353439331055
76.002754211426
76.509391784668
76.55712890625
76.317581176758
76.739356994629
76.672737121582
76.640319824219
76.918968200684
76.461265563965
76.38729095459
76.672012329102
76.912147521973
76.336700439453
76.719055175781
76.99592590332
76.932510375977
76.737854003906
76.955070495605
76.984085083008
76.891555786133
77.001678466797
76.990371704102
76.999031066895
76.904365539551
76.953681945801
76.983764648438
76.965324401855
76.998062133789
76.958152770996
76.934814453125
77.005004882812
76.950782775879
76.949714660645
77.00870513916
76.98543548584
76.989677429199
76.971488952637
77.026359558105
76.981887817383
76.994895935059
76.977043151855
76.941123962402
77.003746032715
76.990753173828
77.058464050293
76.952583312988
76.983818054199
76.927192687988
76.99885559082
76.990264892578
77.181854248047
76.983909606934
76.989555358887
77.012588500977
76.94913482666
76.996841430664
76.951171875
76.911659240723
76.991287231445
76.998710632324
76.978210449219
77.014739990234
76.915534973145
76.985618591309
76.969505310059
77.033271789551
76.983543395996
76.988105773926
76.990615844727
77.003265380859
76.965339660645
76.98950958252
76.996185302734
76.99893951416
76.96955871582
77.031715393066
77.115631103516
76.958465576172
77.012626647949
76.903022766113
77.042343139648
77.060646057129
77.056793212891
77.007591247559
77.09432220459
77.076210021973
78.711967468262
78.193031311035
77.123199462891
78.396286010742
78.143821716309
78.815788269043
78.903457641602
78.746360778809
78.233413696289
78.865127563477
78.817504882812
78.801246643066
78.980255126953
78.833992004395
78.697540283203
78.726715087891
78.949020385742
78.897453308105
78.806800842285
78.981620788574
78.858757019043
78.936065673828
78.95679473877
78.950416564941
78.943244934082
78.988151550293
79.002143859863
79.034355163574
78.985275268555
78.964302062988
78.928153991699
78.977462768555
78.993644714355
79.055923461914
78.992958068848
78.990356445312
79.074081420898
78.978256225586
78.984191894531
79.095016479492
78.981346130371
78.97087097168
78.94905090332
78.959419250488
78.980644226074
79.02906036377
79.033210754395
78.972206115723
78.946006774902
78.954383850098
79.221343994141
78.959938049316
78.968101501465
78.962181091309
78.967399597168
78.961860656738
78.950523376465
78.973739624023
78.97144317627
78.977951049805
80.699295043945
80.504356384277
79.079902648926
79.312774658203
80.814170837402
80.381683349609
80.282958984375
80.676361083984
80.797378540039
80.292602539062
80.947074890137
80.342041015625
80.942939758301
81.00520324707
80.998413085938
80.84317779541
80.993469238281
81.016304016113
81.005348205566
80.947235107422
80.991485595703
80.986175537109
80.973785400391
80.985710144043
80.960639953613
80.949806213379
81.01823425293
80.993049621582
80.997085571289
80.901428222656
80.980506896973
80.942016601562
80.949882507324
80.966232299805
80.994453430176
80.978813171387
80.978126525879
80.976989746094
80.984710693359
81.027534484863
80.959777832031
80.957344055176
80.979034423828
81.008361816406
81.007392883301
81.010925292969
80.980606079102
80.956474304199
80.95043182373
80.991912841797
80.952430725098
80.962608337402
80.971565246582
80.957366943359
80.947692871094
80.935501098633
80.972869873047
80.953247070312
80.940322875977
80.947158813477
80.95866394043
80.937255859375
80.959411621094
80.999633789062
81.017799377441
80.975227355957
81.000137329102
81.000205993652
81.006958007812
82.865676879883
82.832374572754
81.675575256348
82.605354309082
82.571891784668
82.619132995605
82.915718078613
82.947769165039
82.596488952637
82.519729614258
82.951599121094
82.836723327637
82.967750549316
82.90731048584
82.900634765625
82.94979095459
82.972961425781
82.943351745605
82.92504119873
82.93766784668
82.959228515625
82.932716369629
82.973655700684
82.959762573242
82.902854919434
82.973121643066
82.970481872559
82.967712402344
82.967185974121
82.953941345215
82.954704284668
82.948577880859
82.958297729492
82.935356140137
82.944297790527
82.953796386719
82.949157714844
82.952239990234
82.970970153809
82.962448120117
82.980285644531
82.964202880859
82.971237182617
50.359855651855
84.074615478516
51.738471984863
50.358093261719
83.602142333984
83.651657104492
83.014999389648
82.998550415039
83.027359008789
82.971717834473
82.96630859375
82.977767944336
83.138160705566
83.257125854492
83.129089355469
83.24397277832
50.357883453369
50.351589202881
50.359348297119
83.415306091309
83.371017456055
49.470001220703
83.382286071777
82.980453491211
82.98893737793
83.036918640137
83.043800354004
83.617637634277
83.08438873291
83.626403808594
83.982292175293
83.99739074707
83.887901306152
83.865646362305
83.857986450195
83.936332702637
83.959938049316
83.969535827637
83.971138000488
84.070358276367
83.965896606445
83.939498901367
83.947380065918
83.963073730469
83.939262390137
83.964836120605
83.954414367676
83.945335388184
83.975944519043
83.898918151855
83.987533569336
84.071228027344
83.991218566895
84.078033447266
83.986770629883
83.975105285645
84.000190734863
83.983032226562
84.07356262207
83.990684509277
84.005966186523
84.03483581543
83.953239440918
83.963645935059
83.981979370117
83.952209472656
83.959342956543
83.952995300293
85.750900268555
84.487319946289
84.096298217773
85.940055847168
85.901466369629
85.743614196777
85.143936157227
85.50414276123
85.974922180176
85.956512451172
85.973724365234
85.54370880127
85.764526367188
85.962326049805
85.956970214844
85.993316650391
85.993301391602
85.983688354492
85.934722900391
86.004348754883
86.030746459961
86.002944946289
86.008056640625
86.0068359375
85.996147155762
85.957618713379
85.979835510254
86.006828308105
85.976577758789
85.977745056152
85.971755981445
85.994964599609
86.120582580566
86.045921325684
85.99626159668
86.035377502441
86.00170135498
85.969200134277
85.983184814453
86.011413574219
86.031845092773
85.968681335449
85.963844299316
85.947952270508
85.973838806152
85.985763549805
85.988494873047
85.985374450684
86.002311706543
86.014556884766
85.996215820312
86.018180847168
86.632308959961
86.269241333008
86.473876953125
86.450927734375
86.947914123535
86.461959838867
87.921859741211
86.848236083984
87.434204101562
87.853401184082
87.797668457031
87.580383300781
87.893211364746
87.939994812012
87.81468963623
87.937355041504
87.565093994141
87.84351348877
87.910614013672
87.927749633789
87.449508666992
87.888885498047
87.926193237305
87.957313537598
87.845726013184
87.892234802246
87.808372497559
87.978546142578
87.985069274902
87.974060058594
87.952011108398
87.960037231445
87.991584777832
88.037521362305
87.988555908203
87.984931945801
88.00772857666
76.258697509766
87.984329223633
88.071395874023
88.162750244141
88.192352294922
87.989715576172
88.015464782715
88.104232788086
87.980651855469
87.990623474121
88.093620300293
87.952301025391
87.96395111084
87.996658325195
87.993644714355
87.977081298828
87.955497741699
88.445747375488
88.021598815918
88.088745117188
88.968368530273
88.507392883301
88.054405212402
88.89045715332
89.010307312012
88.653244018555
88.939842224121
88.923835754395
88.90071105957
88.752670288086
88.927268981934
88.856056213379
88.936302185059
88.982208251953
88.957496643066
88.954856872559
88.981727600098
89.007797241211
89.002769470215
88.983963012695
88.965522766113
88.987678527832
89.009391784668
89.057708740234
89.005477905273
89.141174316406
88.980888366699
88.9970703125
88.99454498291
89.097648620605
88.975028991699
88.964538574219
88.974571228027
88.968696594238
88.949638366699
88.607383728027
88.896850585938
88.880668640137
88.60498046875
88.435966491699
89.000862121582
88.98120880127
88.725128173828
88.818916320801
88.98624420166
88.931770324707
88.762107849121
88.639701843262
88.051162719727
88.490859985352
88.714553833008
88.227653503418
88.18505859375
88.292976379395
88.575164794922
88.096717834473
88.574668884277
88.402503967285
88.520988464355
88.045059204102
88.90983581543
88.690582275391
88.885177612305
88.866249084473
88.99047088623
88.196090698242
88.88695526123
88.847320556641
88.96208190918
88.63752746582
88.992637634277
88.79825592041
89.001327514648
89.00178527832
89.007049560547
88.903190612793
88.969268798828
89.011131286621
88.989524841309
88.97144317627
89.004981994629
88.974761962891
88.979858398438
88.999961853027
89.067970275879
90.047462463379
89.07103729248
89.893363952637
90.956298828125
89.304527282715
90.05598449707
90.830055236816
90.601425170898
90.501129150391
90.941833496094
90.270065307617
90.53343963623
90.91650390625
90.935562133789
90.461387634277
90.880996704102
90.76774597168
90.919692993164
90.87671661377
90.698532104492
90.876647949219
90.97932434082
90.741638183594
90.893028259277
90.954025268555
90.968208312988
90.914039611816
90.983558654785
91.005470275879
90.97087097168
90.996147155762
91.029541015625
90.948486328125
90.996116638184
90.998573303223
90.980590820312
90.983451843262
91.091407775879
90.973419189453
90.97924041748
91.764236450195
91.043006896973
91.027458190918
92.880157470703
91.373359680176
91.176124572754
92.927673339844
91.656127929688
91.211410522461
92.96622467041
91.579727172852
92.143745422363
92.756759643555
91.967651367188
92.105010986328
92.704704284668
92.569801330566
92.376281738281
92.977554321289
92.556503295898
92.726776123047
92.913314819336
92.889114379883
92.769248962402
92.91674041748
92.964530944824
92.957260131836
92.972305297852
92.894958496094
92.966888427734
93.002426147461
93.102630615234
93.204864501953
92.986869812012
92.997421264648
92.987358093262
92.990562438965
92.991981506348
93.02742767334
92.978622436523
92.933731079102
92.989196777344
92.977806091309
92.974647521973
92.939651489258
92.959312438965
92.9384765625
93.001571655273
92.968147277832
92.954467773438
93.009330749512
92.966201782227
92.931594848633
92.965026855469
93.561431884766
93.319732666016
94.608795166016
93.917770385742
93.714530944824
94.644882202148
94.447937011719
94.161895751953
94.607780456543
94.82691192627
94.397979736328
94.839218139648
94.841751098633
94.764129638672
94.917892456055
94.95458984375
94.904304504395
94.853881835938
95.706520080566
95.117042541504
95.749816894531
95.900802612305
95.409927368164
95.888038635254
95.069358825684
95.704261779785
95.153549194336
95.058815002441
95.584701538086
95.096794128418
94.995803833008
95.270858764648
95.031578063965
94.97599029541
94.999694824219
95.10107421875
94.969192504883
95.11304473877
94.976066589355
95.051528930664
95.234504699707
94.993362426758
94.991287231445
94.99144744873
94.962821960449
95.047821044922
95.012046813965
94.990509033203
95.000335693359
95.038665771484
94.982414245605
94.99674987793
95.159294128418
94.992012023926
94.986610412598
94.991897583008
94.970008850098
94.95645904541
94.938491821289
95.624412536621
95.341941833496
95.794174194336
95.917236328125
95.389770507812
95.916610717773
95.917984008789
95.806953430176
95.87956237793
95.950675964355
95.862922668457
95.979721069336
95.720306396484
95.953643798828
95.965881347656
95.710189819336
95.969619750977
95.969902038574
95.967781066895
95.972023010254
95.965217590332
95.996337890625
95.961273193359
95.97802734375
95.984077453613
95.959838867188
95.978897094727
95.991920471191
95.981948852539
95.954490661621
95.993064880371
95.977920532227
95.975311279297
95.988548278809
95.983062744141
95.991149902344
95.986595153809
95.97053527832
95.971221923828
96.01195526123
95.967361450195
95.975540161133
95.987846374512
95.965667724609
95.984024047852
95.980018615723
95.978950500488
95.979232788086
95.991264343262
95.993957519531
95.973236083984
95.957626342773
95.956672668457
95.97200012207
95.934783935547
95.96607208252
95.971809387207
95.992973327637
95.960556030273
95.966163635254
95.94255065918
95.972175598145
95.977935791016
95.994606018066
95.996154785156
95.994300842285
96.051704406738
95.985374450684
96.059608459473
96.003341674805
95.996559143066
96.136108398438
96.0087890625
96.103324890137
96.191566467285
96.136962890625
50.361335754395
84.466156005859
77.183433532715
45.933437347412
47.205219268799
49.302494049072
48.69221496582
49.001049041748
50.354030609131
50.364414215088
50.351665496826
38.365161895752
45.847305297852
46.909969329834
45.812808990479
45.189605712891
45.124435424805
46.172779083252
47.211318969727
47.209533691406
46.109371185303
45.530765533447
45.532337188721
47.210781097412
47.210781097412
49.291614532471
48.788494110107
49.392761230469
49.207420349121
45.516334533691
45.160873413086
45.1220703125
44.553123474121
44.54906463623
44.550300598145
45.282272338867
45.766773223877
45.36340713501
44.552616119385
45.391998291016
44.550968170166
45.663463592529
45.423233032227
