69.0
44.548141479492
44.54806137085
44.545631408691
44.546569824219
44.548362731934
44.548725128174
44.550170898438
45.290016174316
45.197132110596
44.547515869141
45.168155670166
45.38981628418
44.548583984375
44.547191619873
45.402935028076
45.422912597656
44.548835754395
45.139427185059
45.231498718262
45.487678527832
44.54753112793
44.548145294189
44.548606872559
45.295818328857
44.549095153809
45.344425201416
45.178310394287
45.301136016846
45.174068450928
44.549800872803
44.54874420166
44.547973632812
45.218997955322
45.225234985352
45.372100830078
44.548698425293
45.223068237305
45.152137756348
45.362499237061
44.548435211182
44.547744750977
44.547584533691
44.550495147705
44.548301696777
44.54931640625
44.549453735352
44.547782897949
44.548675537109
44.549121856689
44.548187255859
44.548789978027
44.547523498535
45.153842926025
44.549583435059
44.547878265381
44.548610687256
45.189529418945
44.548011779785
45.20947265625
44.549152374268
45.20491027832
44.549201965332
45.227123260498
44.548980712891
44.550300598145
45.338203430176
45.322326660156
45.221061706543
45.253154754639
45.557216644287
45.522773742676
45.576572418213
44.559028625488
44.554244995117
44.554370880127
44.553943634033
44.550457000732
45.223205566406
44.551189422607
44.552555084229
45.182460784912
45.364025115967
45.3952293396
45.146514892578
45.2258644104
44.554393768311
45.209419250488
45.538360595703
45.16370010376
45.297145843506
45.193801879883
44.547485351562
44.55057144165
45.191581726074
44.546585083008
44.55118560791
44.5485496521
45.265029907227
44.547294616699
45.461078643799
44.547176361084
44.549041748047
45.486553192139
44.549808502197
44.547763824463
44.548042297363
44.54907989502
45.225269317627
45.132701873779
44.549102783203
45.192558288574
44.54801940918
45.283580780029
45.282234191895
45.184310913086
45.260078430176
44.547828674316
45.271282196045
45.375499725342
44.547119140625
44.54935836792
45.414348602295
44.547660827637
44.546279907227
44.549114227295
44.54817199707
44.546245574951
44.543663024902
44.545059204102
44.542125701904
44.540733337402
44.5419921875
45.805912017822
44.543113708496
45.194755554199
44.545570373535
44.546318054199
44.546318054199
44.546318054199
47.221389770508
47.211456298828
44.545516967773
42.229404449463
38.369941711426
51.958751678467
42.22484588623
42.220947265625
44.547584533691
42.234245300293
42.23348236084
44.544967651367
44.545658111572
44.546691894531
44.545822143555
44.548717498779
44.546337127686
45.137020111084
44.547401428223
44.549144744873
44.546615600586
44.547298431396
44.549335479736
45.329189300537
41.113376617432
45.22859954834
45.336364746094
44.547416687012
44.541748046875
44.547271728516
44.548748016357
44.545104980469
44.543201446533
44.546371459961
44.554794311523
42.219375610352
50.374935150146
44.551307678223
44.55623626709
45.41463470459
48.975967407227
44.55602645874
44.550724029541
44.549034118652
45.218112945557
44.543464660645
44.543464660645
44.545135498047
44.546615600586
45.102798461914
44.547958374023
44.548751831055
44.54878616333
44.548934936523
44.548469543457
44.54513168335
44.54719543457
44.547027587891
44.546947479248
44.546146392822
44.547336578369
44.547992706299
44.547817230225
44.549865722656
44.547187805176
44.546463012695
45.151706695557
44.543968200684
44.5485496521
45.220527648926
45.191833496094
44.547805786133
45.133388519287
44.547924041748
44.54759979248
44.549701690674
45.219715118408
45.492382049561
46.064476013184
47.21459197998
47.213241577148
46.051429748535
47.211708068848
47.214122772217
44.54508972168
44.545547485352
44.545547485352
44.551414489746
45.611438751221
45.611438751221
45.754936218262
45.80298614502
45.785037994385
48.064552307129
47.219455718994
48.787425994873
48.984855651855
49.052856445312
48.59045791626
48.381183624268
48.381183624268
48.089141845703
48.504962921143
47.215137481689
47.205913543701
50.360012054443
50.350021362305
50.353969573975
49.127819061279
48.427165985107
47.214252471924
47.211994171143
47.218208312988
48.178092956543
48.050903320312
48.016532897949
48.083511352539
47.213008880615
47.211898803711
47.212516784668
47.212066650391
47.212066650391
47.212066650391
48.066692352295
49.380165100098
50.358184814453
48.928413391113
47.991363525391
47.219444274902
47.213226318359
47.217357635498
47.217781066895
48.315128326416
47.219165802002
47.92308807373
47.215057373047
47.211585998535
46.376098632812
47.211669921875
47.211669921875
47.211669921875
47.211669921875
48.295188903809
49.411140441895
50.358840942383
48.67306137085
47.217975616455
46.20955657959
47.212497711182
47.219047546387
47.993942260742
47.901107788086
47.913562774658
47.959991455078
47.21378326416
47.211494445801
47.208343505859
47.208343505859
47.208343505859
47.208343505859
47.208343505859
49.209056854248
50.356071472168
48.945877075195
48.224475860596
47.911758422852
47.211833953857
47.218566894531
47.219463348389
48.039859771729
47.217761993408
47.220428466797
47.212432861328
47.20947265625
47.208374023438
47.210651397705
47.210651397705
47.210651397705
47.210651397705
47.210651397705
48.831279754639
49.052989959717
48.252490997314
47.218994140625
47.216552734375
47.219947814941
48.643497467041
48.855514526367
48.855514526367
48.634578704834
48.008522033691
47.217491149902
45.792194366455
47.209377288818
47.205627441406
46.133724212646
46.133724212646
46.133724212646
47.205890655518
48.257022857666
47.219848632812
47.216831207275
47.209785461426
45.933250427246
47.212463378906
47.210716247559
47.216888427734
47.214233398438
47.217597961426
47.213890075684
47.209980010986
47.215724945068
47.216094970703
47.216094970703
47.215724945068
47.215724945068
47.217487335205
48.449810028076
48.257286071777
48.044876098633
47.945652008057
47.97038269043
48.214805603027
48.658935546875
48.734275817871
47.982727050781
47.924785614014
48.05753326416
47.990283966064
47.213958740234
47.213558197021
47.211833953857
47.211833953857
47.216548919678
47.226558685303
48.698551177979
47.908054351807
48.472946166992
48.513137817383
48.665294647217
48.322998046875
49.272396087646
49.26908493042
49.065326690674
48.133289337158
48.133289337158
47.218654632568
47.213890075684
46.423015594482
46.269721984863
46.311149597168
47.214721679688
49.244125366211
47.869560241699
47.209609985352
47.209609985352
47.216598510742
49.390399932861
48.461772918701
49.292022705078
49.393394470215
49.425331115723
49.023498535156
48.706092834473
48.263664245605
47.21329498291
45.765121459961
44.550621032715
45.439765930176
46.290992736816
47.208171844482
46.402244567871
47.212551116943
45.898899078369
46.278400421143
48.736328125
47.214645385742
49.241268157959
48.982372283936
49.384368896484
49.163352966309
47.208408355713
45.501453399658
45.224864959717
44.551162719727
44.547813415527
44.549144744873
45.363616943359
44.551544189453
45.319118499756
45.452030181885
44.549522399902
44.550937652588
45.822738647461
45.382923126221
45.460571289062
44.551048278809
45.4690284729
