69.0
55.08084487915
55.133697509766
55.095252990723
54.221817016602
52.837230682373
52.934906005859
52.934906005859
52.934906005859
52.934906005859
52.717922210693
52.717922210693
54.222427368164
54.949005126953
54.979629516602
54.737144470215
54.22575378418
54.216823577881
52.792041778564
52.792041778564
52.792041778564
52.792041778564
54.21996307373
38.368579864502
54.235321044922
53.023239135742
56.178596496582
56.008525848389
55.498764038086
54.222953796387
52.549049377441
52.549049377441
52.549049377441
52.549049377441
52.549049377441
52.549049377441
55.130104064941
54.231918334961
54.240467071533
54.237083435059
54.226837158203
54.218570709229
52.774463653564
52.774463653564
52.774463653564
52.774463653564
52.774463653564
56.185348510742
56.246917724609
56.293926239014
56.484691619873
56.070747375488
55.694770812988
55.12890625
54.828014373779
54.828014373779
54.828014373779
54.707176208496
56.110271453857
56.394561767578
56.233394622803
56.327213287354
56.445037841797
55.541931152344
55.238037109375
54.231960296631
54.21813583374
52.513969421387
53.188678741455
55.636039733887
56.311943054199
38.364456176758
54.881595611572
55.766551971436
55.818710327148
55.999740600586
55.414665222168
55.361747741699
52.302074432373
52.110034942627
52.426334381104
54.210124969482
54.226406097412
38.370468139648
38.361679077148
38.371253967285
56.741771697998
56.263687133789
56.5380859375
52.217250823975
52.039791107178
52.18265914917
52.133857727051
52.313137054443
52.36429977417
52.182975769043
52.191486358643
52.457275390625
52.274063110352
52.451194763184
52.327476501465
52.154541015625
52.142726898193
51.942932128906
52.103073120117
52.192943572998
52.114532470703
52.147281646729
52.184757232666
52.188587188721
52.048896789551
52.158275604248
52.18359375
52.167110443115
51.979862213135
52.032302856445
52.003433227539
52.110660552979
52.17635345459
52.17036819458
52.113109588623
52.124004364014
52.163673400879
52.108581542969
52.175525665283
52.157173156738
52.119197845459
52.171230316162
51.999843597412
52.103927612305
52.174861907959
52.010944366455
52.175777435303
52.18830871582
52.199703216553
52.199287414551
52.269325256348
52.170188903809
52.125877380371
52.208332061768
52.183177947998
52.201583862305
52.201419830322
52.155136108398
52.141639709473
52.278102874756
52.221069335938
52.199184417725
52.181251525879
52.111297607422
52.194019317627
52.167701721191
52.209686279297
52.123958587646
52.186702728271
51.975154876709
52.033138275146
52.075359344482
52.175052642822
52.165916442871
52.124431610107
52.046020507812
51.97399520874
52.172889709473
51.980773925781
52.028308868408
52.112022399902
52.145446777344
51.991363525391
52.091941833496
52.184204101562
52.040130615234
52.129947662354
52.207420349121
52.410163879395
52.487873077393
52.706893920898
52.298812866211
51.985389709473
52.213611602783
51.913558959961
52.185829162598
52.131401062012
52.18074798584
52.169044494629
52.276287078857
52.302631378174
52.345027923584
52.27730178833
52.283432006836
52.156059265137
52.179470062256
52.153461456299
52.151466369629
52.134510040283
52.175216674805
52.193168640137
52.175563812256
52.18669128418
52.2082862854
52.117534637451
52.206809997559
52.181617736816
52.178787231445
52.204704284668
52.200878143311
52.210826873779
52.10668182373
52.253047943115
52.176975250244
52.149082183838
52.015228271484
52.187335968018
52.045341491699
51.931175231934
51.489051818848
51.329803466797
52.160511016846
51.918598175049
51.533657073975
52.193901062012
51.836803436279
39.262699127197
39.262699127197
40.182334899902
42.217887878418
45.722511291504
45.722511291504
48.681636810303
51.785446166992
40.191703796387
51.391036987305
52.138740539551
52.014865875244
52.01575088501
52.127647399902
51.385097503662
40.190105438232
40.183639526367
40.188293457031
50.369804382324
52.200958251953
51.876304626465
51.670482635498
50.368965148926
52.068248748779
40.18590927124
40.186569213867
40.192207336426
40.194137573242
51.91622543335
52.134059906006
40.193023681641
40.18957901001
52.152565002441
52.032802581787
52.000495910645
51.934104919434
52.043518066406
51.941822052002
51.956398010254
51.953048706055
51.904346466064
51.992118835449
52.111713409424
52.041404724121
51.865383148193
51.752166748047
52.056137084961
52.196025848389
52.355979919434
51.864963531494
52.129795074463
52.401229858398
52.332920074463
54.225082397461
52.76212310791
54.228862762451
52.769081115723
52.01012802124
52.180404663086
51.985427856445
52.43420791626
52.407169342041
54.993644714355
55.939064025879
55.984767913818
56.086196899414
55.112400054932
55.305408477783
55.727054595947
55.709552764893
56.122722625732
56.729843139648
56.286865234375
38.377326965332
54.236560821533
55.026844024658
55.072757720947
55.027515411377
54.233627319336
54.219482421875
54.221004486084
54.220344543457
45.138687133789
56.496383666992
55.922538757324
38.375957489014
54.221588134766
54.867053985596
55.360946655273
55.38272857666
54.243453979492
53.052921295166
54.221843719482
54.221843719482
54.221843719482
54.221843719482
56.066875457764
38.376750946045
53.099166870117
54.237182617188
55.535575866699
55.255310058594
54.715431213379
54.216049194336
52.98938369751
52.98938369751
52.98938369751
52.98938369751
52.98938369751
52.935623168945
52.935623168945
54.22872543335
54.727066040039
54.869369506836
54.240390777588
54.227119445801
54.221305847168
54.221305847168
54.221305847168
54.221305847168
54.221305847168
54.221305847168
55.063758850098
54.879409790039
54.230850219727
55.092346191406
55.256385803223
54.89769744873
54.89769744873
54.89769744873
54.89769744873
54.89769744873
54.89769744873
54.89769744873
55.256385803223
55.256385803223
55.256385803223
44.549697875977
55.340202331543
54.224338531494
54.21407699585
54.21407699585
54.21407699585
54.21407699585
54.223617553711
56.130939483643
56.388801574707
56.46605682373
57.031669616699
56.898502349854
56.241920471191
56.199768066406
55.560070037842
55.560070037842
54.203620910645
54.260894775391
56.65657043457
56.56485748291
56.578151702881
56.693626403809
56.617515563965
56.744842529297
38.363849639893
55.317226409912
54.22647857666
53.258205413818
53.578647613525
54.236572265625
57.155014038086
55.425727844238
45.615886688232
38.372875213623
54.236618041992
54.861808776855
55.49471282959
38.358409881592
53.263248443604
52.741916656494
52.380809783936
52.654319763184
38.369537353516
39.745609283447
52.198734283447
52.5602684021
52.480667114258
38.359558105469
55.842903137207
56.281455993652
51.961421966553
52.04264831543
52.147186279297
52.284889221191
52.450576782227
52.236530303955
52.174198150635
52.14631652832
52.201148986816
52.225608825684
52.342723846436
52.513195037842
52.165596008301
51.979377746582
52.087558746338
52.170204162598
52.188297271729
52.109954833984
52.169082641602
52.171154022217
52.060745239258
52.105812072754
52.139591217041
52.172595977783
52.034156799316
52.178527832031
51.911468505859
52.109630584717
52.056652069092
52.023414611816
52.024360656738
52.018768310547
52.116653442383
52.074245452881
52.115745544434
51.953601837158
52.176006317139
52.089839935303
52.115787506104
51.918170928955
52.059429168701
52.109786987305
52.007747650146
52.171398162842
52.161178588867
52.176528930664
52.198776245117
52.188457489014
52.072559356689
52.214286804199
52.263694763184
52.155532836914
52.190998077393
52.231483459473
52.060710906982
52.052276611328
52.2932472229
52.125255584717
52.178089141846
52.180862426758
52.107318878174
52.172313690186
52.137729644775
52.140537261963
52.130279541016
52.197154998779
52.043121337891
52.044178009033
52.047225952148
52.167343139648
52.16869354248
52.136287689209
52.001117706299
52.046951293945
52.114196777344
52.098175048828
52.106826782227
52.080337524414
51.939926147461
52.120864868164
52.165344238281
52.183013916016
52.137435913086
52.108184814453
52.1806640625
52.54207611084
52.437339782715
52.667888641357
51.982528686523
52.04948425293
52.182933807373
52.066360473633
52.173271179199
52.113384246826
52.212875366211
52.192604064941
52.221416473389
52.401271820068
52.389709472656
52.274066925049
52.129062652588
52.029972076416
52.207111358643
52.039714813232
52.186813354492
52.114780426025
52.145462036133
52.202453613281
52.198677062988
52.177753448486
52.138893127441
52.106060028076
52.195297241211
52.189849853516
52.200614929199
52.212295532227
52.304054260254
52.18217086792
52.163898468018
52.188709259033
52.184509277344
52.168235778809
52.164211273193
52.122303009033
51.987506866455
51.592956542969
51.400993347168
51.317882537842
51.486427307129
52.129848480225
52.026741027832
52.185482025146
38.379981994629
40.192348480225
38.381801605225
38.381801605225
48.7453956604
59.898700714111
52.180240631104
49.163116455078
51.927383422852
50.379272460938
51.385311126709
51.995918273926
52.06237411499
52.024169921875
50.371704101562
48.689682006836
40.182113647461
40.188831329346
40.189964294434
40.196620941162
52.004711151123
51.902759552002
51.64005279541
51.745433807373
51.859081268311
40.187789916992
40.191139221191
40.189834594727
48.724952697754
51.90938949585
52.253540039062
40.189605712891
52.132804870605
52.129291534424
52.110130310059
52.029193878174
51.906658172607
52.030002593994
51.896511077881
52.063285827637
51.815242767334
51.972675323486
52.061779022217
51.91032409668
52.044761657715
51.94091796875
52.129726409912
52.072353363037
52.160121917725
52.318927764893
51.928367614746
52.178329467773
52.393981933594
52.222354888916
54.227165222168
52.34253692627
54.2219581604
51.995536804199
51.765975952148
52.183662414551
52.623332977295
40.183074951172
52.588512420654
55.268981933594
55.958206176758
56.485481262207
55.901554107666
55.410430908203
54.87512588501
39.461639404297
38.380012512207
56.722106933594
