52.056446075439
50.367839813232
40.192459106445
40.190635681152
40.191215515137
40.189483642578
50.344760894775
51.955272674561
51.454086303711
50.373001098633
52.040283203125
40.184387207031
40.186908721924
40.18688583374
40.186061859131
51.932666778564
52.025009155273
52.21085357666
50.372440338135
52.788471221924
51.736461639404
51.890502929688
52.016624450684
51.94340133667
52.171203613281
51.923522949219
52.041641235352
51.881374359131
51.904415130615
52.034198760986
52.053050994873
52.056137084961
51.952430725098
52.14981842041
51.989517211914
52.312191009521
52.337760925293
51.876945495605
52.200744628906
52.594669342041
54.220676422119
54.22289276123
52.438430786133
52.758262634277
52.214923858643
51.809078216553
52.308818817139
52.37377166748
39.67569732666
52.53706741333
55.261154174805
55.527290344238
56.487579345703
55.70142364502
55.486034393311
55.444549560547
54.223991394043
54.223991394043
56.718036651611
56.460357666016
55.992580413818
54.232444763184
55.109775543213
55.376800537109
55.351978302002
54.238296508789
54.225063323975
54.219966888428
54.219966888428
54.214660644531
56.612083435059
56.686634063721
55.35249710083
54.228321075439
54.239665985107
55.225215911865
55.22713470459
55.264205932617
55.264205932617
55.264205932617
55.264205932617
55.264205932617
55.264205932617
55.264205932617
55.264205932617
55.264205932617
55.264205932617
55.264205932617
55.264205932617
55.264205932617
55.264205932617
55.264205932617
55.264205932617
55.264205932617
55.264205932617
55.264205932617
55.264205932617
55.264205932617
55.264205932617
55.264205932617
55.264205932617
55.264205932617
55.264205932617
55.264205932617
55.264205932617
55.264205932617
55.264205932617
55.264205932617
55.264205932617
55.264205932617
55.264205932617
55.264205932617
55.264205932617
55.264205932617
55.264205932617
55.264205932617
55.264205932617
55.264205932617
55.264205932617
55.264205932617
55.646850585938
56.976337432861
57.043628692627
56.97594833374
56.995693206787
57.039192199707
57.53938293457
57.136520385742
57.01908493042
56.980293273926
56.975509643555
57.025207519531
56.969211578369
57.005668640137
57.070930480957
56.987724304199
56.946537017822
56.946537017822
56.946537017822
56.946537017822
56.946537017822
56.946537017822
56.946537017822
56.946537017822
56.946537017822
56.946537017822
56.946537017822
56.946537017822
56.946537017822
56.946537017822
56.946537017822
56.946537017822
56.946537017822
56.946537017822
56.946537017822
56.946537017822
56.993194580078
56.962398529053
56.985610961914
57.028781890869
56.97838973999
57.0078125
56.973854064941
56.897033691406
56.988555908203
56.979572296143
56.968082427979
57.029289245605
56.977020263672
56.857456207275
57.015335083008
57.000568389893
56.942668914795
57.020763397217
57.05249786377
56.980175018311
56.958835601807
57.034107208252
57.062919616699
57.005889892578
57.004753112793
57.015266418457
57.015316009521
56.980773925781
57.028972625732
56.983997344971
56.980323791504
57.037029266357
56.999446868896
56.976982116699
56.992782592773
57.073181152344
57.015533447266
56.975242614746
57.054466247559
57.008403778076
57.03048324585
57.016971588135
57.055908203125
57.028469085693
57.028778076172
57.023818969727
57.028095245361
57.033840179443
56.98908996582
57.008907318115
56.987617492676
56.901084899902
57.008708953857
56.978317260742
56.999061584473
56.927093505859
57.019618988037
57.040660858154
56.936283111572
57.001861572266
56.997894287109
56.999088287354
56.990161895752
57.028587341309
56.838996887207
57.039031982422
57.057888031006
57.001136779785
57.275852203369
57.062110900879
57.016101837158
56.958263397217
57.001449584961
57.017566680908
56.964504241943
44.562786102295
52.426738739014
44.563335418701
44.991413116455
56.163299560547
63.798957824707
63.705539703369
63.918453216553
63.86792755127
52.239749908447
56.933223724365
57.000537872314
56.952049255371
56.980598449707
56.954154968262
56.968898773193
56.98942565918
56.982849121094
57.232349395752
57.028926849365
56.989681243896
57.023399353027
57.062805175781
44.563327789307
44.562919616699
44.561473846436
44.56262588501
52.614688873291
52.516822814941
44.991516113281
44.562519073486
44.560485839844
63.830741882324
63.941993713379
51.966747283936
52.039726257324
63.879962921143
64.00267791748
63.887489318848
64.016304016113
63.919544219971
63.937301635742
52.219127655029
52.202945709229
63.856239318848
52.184272766113
52.42049407959
53.02844619751
63.961315155029
63.976871490479
52.083141326904
52.613018035889
63.92737197876
63.991230010986
63.897708892822
64.004013061523
64.092041015625
63.987846374512
63.988086700439
63.901538848877
63.568161010742
63.931106567383
52.044124603271
51.99243927002
63.616264343262
63.951488494873
64.038558959961
63.940979003906
52.024806976318
63.975051879883
63.951782226562
52.046913146973
51.972381591797
52.087379455566
52.042587280273
52.002342224121
52.047538757324
63.982921600342
63.956470489502
64.071876525879
64.012428283691
64.03507232666
64.052665710449
63.963382720947
63.975204467773
63.962104797363
64.085327148438
63.999153137207
64.013008117676
52.225532531738
63.950092315674
64.015739440918
63.887111663818
64.01872253418
63.957492828369
64.026809692383
63.958160400391
52.147941589355
52.328174591064
63.947471618652
64.001983642578
63.930614471436
64.019271850586
63.971591949463
63.956108093262
64.01798248291
63.905601501465
64.011184692383
64.006652832031
63.98974609375
63.814308166504
63.736061096191
63.964298248291
63.83935546875
52.084083557129
51.911880493164
64.036178588867
63.884086608887
52.018321990967
63.929649353027
63.854263305664
63.926681518555
63.877010345459
68.199005126953
68.91268157959
68.996994018555
50.591045379639
64.063148498535
68.587944030762
67.573806762695
64.687057495117
64.106948852539
68.682952880859
68.814643859863
68.434326171875
68.614707946777
68.905570983887
69.000297546387
56.865131378174
70.865173339844
71.004554748535
70.497566223145
69.353706359863
68.928489685059
70.816635131836
70.865768432617
70.916213989258
57.542030334473
69.015556335449
69.198951721191
69.686347961426
68.978591918945
69.030883789062
69.197708129883
69.298355102539
68.949966430664
69.030380249023
69.064872741699
69.422317504883
69.081489562988
69.12149810791
69.119781494141
69.117614746094
69.021842956543
69.117904663086
56.76216506958
68.827125549316
69.042549133301
69.191329956055
50.362945556641
69.050148010254
69.159690856934
69.142135620117
56.781032562256
68.930625915527
69.042922973633
69.10075378418
56.757213592529
69.021453857422
69.101409912109
69.120643615723
56.919647216797
56.949127197266
68.993537902832
69.026649475098
69.070838928223
51.26371383667
69.017234802246
69.041160583496
56.785373687744
56.416500091553
68.930633544922
69.023529052734
56.898029327393
56.758827209473
68.970207214355
68.982200622559
68.968070983887
69.015838623047
69.015769958496
69.066993713379
56.87154006958
56.29700088501
63.819610595703
64.216285705566
51.750270843506
51.341430664062
50.384338378906
64.084938049316
64.02269744873
64.021659851074
63.885753631592
45.06364440918
56.78536605835
57.015674591064
57.000652313232
57.018314361572
56.994609832764
56.933902740479
56.319488525391
56.727325439453
56.991752624512
56.925834655762
58.752700805664
58.607421875
58.384887695312
57.597019195557
56.443962097168
44.558280944824
44.554931640625
68.967964172363
68.827453613281
68.758590698242
44.899757385254
68.784507751465
68.93579864502
68.991058349609
69.23836517334
69.047012329102
69.087341308594
69.07202911377
69.062911987305
69.011558532715
68.97420501709
69.006874084473
69.00114440918
69.160934448242
69.122200012207
68.991813659668
68.864593505859
57.070755004883
69.000114440918
69.012962341309
69.019065856934
69.022323608398
68.98405456543
69.00129699707
68.961372375488
69.034889221191
68.907859802246
68.970481872559
68.92813873291
68.972434997559
68.958641052246
68.992813110352
68.992637634277
69.049026489258
69.282257080078
70.91374206543
70.904579162598
70.69898223877
70.239524841309
70.271850585938
70.484481811523
70.912994384766
70.987655639648
70.604141235352
70.725120544434
70.737457275391
70.934265136719
70.89102935791
70.879898071289
70.939178466797
70.842262268066
70.914558410645
70.954696655273
70.984992980957
70.977340698242
71.016609191895
70.968612670898
70.974960327148
71.008193969727
71.001457214355
70.958099365234
71.018859863281
71.000030517578
71.002861022949
71.046928405762
70.87336730957
70.996391296387
71.006935119629
70.890884399414
70.999481201172
70.96866607666
71.006065368652
70.985221862793
70.829696655273
71.012046813965
71.030860900879
71.063545227051
71.988136291504
71.840087890625
71.131690979004
70.972457885742
70.992080688477
71.231010437012
71.075096130371
71.110443115234
71.081108093262
71.154411315918
71.155883789062
71.111747741699
71.128494262695
71.136978149414
71.095008850098
71.103637695312
71.055870056152
72.031784057617
71.994514465332
71.745048522949
71.890632629395
71.786987304688
71.835296630859
72.080955505371
72.086524963379
72.137496948242
72.170486450195
72.10457611084
72.172454833984
72.068977355957
72.002326965332
72.13459777832
52.918449401855
72.026062011719
72.154525756836
72.180305480957
72.140617370605
72.242446899414
72.041610717773
72.132469177246
72.135108947754
71.908241271973
72.073654174805
72.163551330566
72.015632629395
72.089294433594
72.179214477539
72.000289916992
72.086074829102
72.041198730469
72.050300598145
72.140243530273
71.942512512207
72.015151977539
72.179321289062
72.218734741211
72.030319213867
72.086563110352
72.141189575195
72.078353881836
72.114593505859
72.054191589355
72.059951782227
72.180152893066
72.02099609375
72.095664978027
72.13697052002
71.991928100586
72.099502563477
53.01912689209
72.063842773438
72.149154663086
72.131057739258
72.086730957031
72.077941894531
72.081039428711
72.083992004395
72.193672180176
72.01685333252
72.075454711914
72.178573608398
72.076782226562
72.112533569336
72.249351501465
71.988204956055
72.096748352051
72.26286315918
72.064750671387
72.089248657227
72.162673950195
72.043556213379
72.07258605957
72.146461486816
71.993362426758
72.054534912109
72.188148498535
72.048789978027
72.116989135742
72.281448364258
72.065818786621
72.134071350098
72.000205993652
72.073776245117
72.082763671875
72.020500183105
72.048767089844
72.226020812988
72.100563049316
72.347213745117
71.911766052246
72.090240478516
72.244094848633
53.328254699707
72.071510314941
72.171356201172
72.082618713379
72.257186889648
72.24626159668
73.936241149902
73.970832824707
74.002182006836
73.63695526123
73.988243103027
74.029342651367
73.78776550293
73.945831298828
73.927955627441
73.960151672363
73.95093536377
73.959487915039
73.984260559082
74.00927734375
74.150276184082
73.998893737793
73.997688293457
74.038177490234
73.986679077148
73.964332580566
74.012275695801
74.034103393555
74.046852111816
73.966598510742
73.974708557129
74.066627502441
74.022727966309
74.046058654785
73.982704162598
73.987808227539
73.972801208496
73.969100952148
73.97762298584
74.01383972168
74.028251647949
73.922431945801
74.013771057129
73.953674316406
74.000823974609
74.011131286621
73.977729797363
74.019653320312
74.021965026855
73.995651245117
74.011154174805
74.003799438477
73.980918884277
73.991149902344
74.00740814209
74.030174255371
73.991416931152
73.99095916748
73.996864318848
73.992950439453
74.018493652344
74.005897521973
74.070419311523
74.132034301758
74.041748046875
74.040718078613
73.72624206543
74.061019897461
73.985328674316
74.029876708984
73.994613647461
74.007598876953
74.008590698242
54.894813537598
74.155830383301
75.763038635254
75.499618530273
74.211654663086
75.077056884766
74.634056091309
74.157440185547
75.542686462402
74.461853027344
74.238624572754
75.893821716309
75.146820068359
75.640312194824
74.879257202148
75.033798217773
76.020942687988
75.942443847656
75.141334533691
75.840698242188
75.821624755859
75.796012878418
75.991371154785
75.967674255371
75.98664855957
75.98876953125
75.992851257324
76.004219055176
76.017402648926
76.039421081543
56.695919036865
56.812934875488
76.01008605957
75.987831115723
76.011360168457
75.986206054688
75.992599487305
76.012657165527
75.99528503418
75.990577697754
76.025390625
75.996864318848
76.003608703613
75.993629455566
75.994529724121
75.994117736816
76.016876220703
75.990028381348
76.020904541016
76.038101196289
76.008720397949
75.98974609375
76.058090209961
75.984199523926
75.96647644043
75.983444213867
76.015724182129
75.999687194824
75.957496643066
75.95955657959
75.963111877441
75.988372802734
75.982078552246
75.990936279297
75.996994018555
75.985900878906
76.000503540039
76.014533996582
75.996650695801
77.393699645996
76.901809692383
76.119705200195
77.766593933105
77.364265441895
78.121284484863
78.179328918457
78.176483154297
78.168792724609
78.15926361084
78.163368225098
78.17601776123
78.171691894531
78.164909362793
78.174118041992
78.151016235352
78.170928955078
78.16748046875
78.147018432617
78.161170959473
78.143684387207
78.181144714355
78.186210632324
78.13459777832
78.16089630127
78.179405212402
78.198951721191
78.153694152832
78.153991699219
78.151550292969
78.182960510254
78.166618347168
78.183670043945
78.181106567383
78.151481628418
78.199783325195
78.175559997559
78.18579864502
78.174667358398
78.193244934082
78.189712524414
78.145408630371
78.146751403809
78.180686950684
78.17805480957
78.177787780762
78.17147064209
78.1787109375
78.183769226074
78.195037841797
78.159088134766
78.15641784668
78.180557250977
78.219856262207
78.193367004395
78.165252685547
78.149421691895
78.167846679688
78.203483581543
56.225952148438
78.208656311035
78.198471069336
78.217124938965
78.22484588623
54.203025817871
38.373001098633
54.041603088379
78.220924377441
78.226501464844
78.249977111816
54.222961425781
54.219959259033
54.209144592285
78.256645202637
78.211074829102
78.324836730957
53.841381072998
78.985343933105
78.99284362793
79.144859313965
78.949340820312
78.954231262207
78.96395111084
78.97974395752
79.021255493164
79.052490234375
78.271980285645
78.268547058105
78.648170471191
78.261299133301
78.307502746582
78.243438720703
78.197685241699
78.20288848877
78.19189453125
78.204330444336
78.239204406738
78.720367431641
78.264266967773
78.968650817871
78.96907043457
78.330078125
78.704444885254
79.064025878906
78.920570373535
78.972640991211
79.018585205078
78.870399475098
78.306411743164
78.903511047363
79.015083312988
78.969245910645
79.056907653809
79.024284362793
79.095809936523
78.990859985352
79.108726501465
54.266136169434
78.78385925293
79.095916748047
79.004570007324
79.010818481445
79.081512451172
78.897491455078
79.010345458984
79.046630859375
79.032859802246
79.001480102539
79.153800964355
79.020713806152
78.989891052246
79.109909057617
79.024337768555
78.997955322266
79.244491577148
79.02269744873
79.010009765625
79.05908203125
78.972297668457
79.001960754395
79.088241577148
79.088981628418
79.150772094727
79.005172729492
78.988403320312
79.098182678223
79.130142211914
79.098754882812
79.163444519043
78.992042541504
79.009284973145
79.040710449219
79.047157287598
79.329605102539
78.997833251953
78.986137390137
79.005950927734
78.995262145996
78.978897094727
78.955467224121
78.974937438965
79.006774902344
79.00048828125
79.001686096191
79.108421325684
79.020233154297
79.048896789551
79.118461608887
79.059623718262
79.002304077148
79.075218200684
79.05150604248
78.975601196289
79.021446228027
79.038375854492
78.992805480957
79.141609191895
79.069313049316
78.994522094727
79.093681335449
79.083099365234
80.134437561035
79.876815795898
80.622627258301
79.798828125
80.11824798584
80.851654052734
80.049247741699
80.761238098145
80.997093200684
80.391311645508
56.958724975586
57.018951416016
56.962898254395
56.951362609863
56.905666351318
80.966133117676
56.964874267578
56.950344085693
56.974906921387
56.967437744141
56.992958068848
56.983768463135
56.994316101074
56.993698120117
56.979560852051
57.085556030273
57.010665893555
56.995235443115
57.046966552734
81.251235961914
57.022941589355
56.982269287109
83.030395507812
82.336570739746
81.37767791748
82.926048278809
82.815940856934
82.409027099609
81.202743530273
82.441345214844
81.256149291992
81.276756286621
81.113464355469
81.016494750977
81.196067810059
81.153198242188
80.997138977051
81.122047424316
80.969520568848
81.051284790039
81.025337219238
80.992660522461
80.980209350586
81.04825592041
81.002883911133
81.007095336914
81.026794433594
81.029449462891
81.196357727051
81.107131958008
81.44295501709
81.193008422852
80.977935791016
80.998046875
81.019668579102
81.184944152832
82.616195678711
81.352195739746
82.255363464355
81.41886138916
81.339866638184
82.911033630371
82.868324279785
82.797622680664
82.848030090332
82.649833679199
82.882423400879
82.921463012695
82.964767456055
82.891746520996
82.966735839844
82.937080383301
82.931930541992
82.96125793457
82.911224365234
82.989128112793
83.001899719238
82.982345581055
82.991607666016
82.988121032715
82.97972869873
82.993232727051
82.97477722168
82.981430053711
83.00902557373
83.022109985352
82.985313415527
83.021423339844
82.999923706055
83.062164306641
82.99291229248
82.984329223633
83.045181274414
82.991920471191
82.987197875977
82.989875793457
82.979507446289
83.024681091309
82.994621276855
82.988250732422
83.063987731934
83.235702514648
83.003189086914
83.060577392578
83.536148071289
83.954933166504
83.06233215332
83.652236938477
83.81672668457
83.973556518555
83.967018127441
83.699836730957
83.883560180664
83.968338012695
84.00594329834
84.028045654297
83.920875549316
83.934509277344
83.963172912598
83.993377685547
83.983261108398
84.01342010498
83.970947265625
83.971244812012
83.994140625
83.993011474609
84.028121948242
84.017616271973
83.981369018555
84.021667480469
84.001899719238
83.963104248047
83.965690612793
83.999557495117
84.011497497559
84.027725219727
83.954307556152
83.974723815918
84.012092590332
83.988296508789
84.005561828613
83.967887878418
83.971755981445
84.008781433105
83.990661621094
84.015068054199
83.988662719727
83.980178833008
83.94066619873
83.982353210449
83.996368408203
83.980834960938
83.993171691895
84.012130737305
85.704498291016
84.455581665039
84.011245727539
85.75
85.532905578613
85.915473937988
85.270462036133
85.63809967041
85.846130371094
85.742980957031
85.913116455078
85.933219909668
85.882102966309
85.818183898926
85.452850341797
85.966812133789
85.989334106445
85.994606018066
85.959075927734
85.982612609863
85.991432189941
85.968536376953
86.069076538086
85.978546142578
85.966156005859
85.974334716797
85.977569580078
85.977806091309
85.988754272461
85.994216918945
85.988967895508
85.987205505371
86.04093170166
86.015281677246
85.98477935791
86.000930786133
86.009323120117
85.977439880371
86.017639160156
85.965454101562
85.967338562012
86.00870513916
85.960807800293
85.964424133301
85.971130371094
86.018058776855
86.009010314941
85.963066101074
85.97802734375
86.003509521484
85.997184753418
86.007690429688
85.978492736816
85.974510192871
85.984092712402
86.021751403809
87.117118835449
86.056816101074
87.346031188965
87.20735168457
87.887725830078
87.748428344727
87.986358642578
86.95386505127
87.550064086914
87.913551330566
87.777496337891
87.94019317627
87.807106018066
87.900199890137
87.704780578613
87.84789276123
87.04451751709
87.913536071777
88.084129333496
87.578742980957
87.957458496094
88.024314880371
87.997192382812
88.051902770996
88.010177612305
88.028518676758
87.923568725586
87.983070373535
88.107551574707
88.027809143066
88.037239074707
87.994361877441
87.962188720703
87.987930297852
88.069145202637
87.971740722656
87.972152709961
87.988067626953
87.970489501953
87.969329833984
87.980041503906
88.020278930664
87.977867126465
87.967697143555
87.984870910645
88.204460144043
87.97110748291
87.959297180176
87.983703613281
87.977432250977
87.981269836426
87.995910644531
88.011940002441
87.9951171875
88.00333404541
88.064598083496
88.025650024414
88.876419067383
88.016387939453
89.738456726074
89.521606445312
88.758735656738
89.571632385254
89.811012268066
89.126609802246
89.807403564453
89.607818603516
89.960670471191
89.679138183594
89.699005126953
89.624885559082
90.024559020996
89.83080291748
89.945281982422
89.656326293945
89.999252319336
89.940795898438
89.824066162109
89.954795837402
89.960609436035
89.854347229004
89.963851928711
89.956756591797
89.990211486816
89.957244873047
89.993911743164
89.98365020752
90.000411987305
89.987297058105
89.970138549805
89.955490112305
89.931358337402
89.970161437988
89.987884521484
90.026702880859
89.984901428223
89.973747253418
89.976333618164
90.25651550293
89.963592529297
89.962844848633
89.99242401123
89.961311340332
89.998550415039
89.974670410156
90.032455444336
89.989463806152
89.96053314209
89.979927062988
89.998138427734
89.948959350586
89.972496032715
89.991348266602
90.023239135742
89.974906921387
89.957572937012
90.012489318848
90.013732910156
90.060752868652
90.080230712891
89.985939025879
89.99577331543
90.095413208008
90.005752563477
90.000518798828
89.963752746582
90.000518798828
90.002105712891
90.460304260254
90.235702514648
90.093200683594
90.552993774414
90.426620483398
90.848281860352
90.332191467285
90.640609741211
90.940162658691
90.768257141113
90.626998901367
90.946304321289
90.984481811523
90.621948242188
91.055740356445
90.983856201172
90.949066162109
91.0361328125
91.051780700684
91.016006469727
90.989990234375
90.984184265137
90.988212585449
91.008163452148
90.946556091309
90.984298706055
91.077735900879
90.957710266113
90.990463256836
90.946044921875
90.974739074707
90.958923339844
90.958297729492
90.972229003906
91.051643371582
91.006660461426
91.002075195312
91.009124755859
91.047149658203
91.037841796875
91.013771057129
91.123840332031
90.979972839355
90.97127532959
91.3134765625
91.013832092285
91.015678405762
91.138000488281
91.043067932129
91.049728393555
90.982139587402
90.974876403809
91.073623657227
90.99193572998
90.983734130859
90.97338104248
90.982902526855
91.061752319336
90.977661132812
90.986755371094
91.161201477051
90.993469238281
90.991165161133
91.113090515137
91.17618560791
90.985168457031
90.992454528809
90.984321594238
91.075210571289
90.993156433105
90.981712341309
91.029563903809
91.502471923828
91.073234558105
91.018905639648
92.982376098633
91.523452758789
91.406089782715
92.945686340332
92.702507019043
92.817443847656
92.8857421875
92.39005279541
92.978507995605
92.72526550293
92.856826782227
92.973495483398
92.879730224609
92.983001708984
92.915596008301
92.937438964844
92.976005554199
92.795532226562
92.973251342773
92.973480224609
92.866027832031
92.973365783691
92.975914001465
92.958000183105
92.976867675781
92.972686767578
93.006896972656
92.980895996094
92.940315246582
93.022468566895
92.975028991699
92.993690490723
93.073959350586
92.989410400391
93.009185791016
92.968719482422
92.985771179199
93.00968170166
92.966720581055
92.963813781738
93.013748168945
92.963279724121
92.939811706543
93.019302368164
92.98853302002
92.974380493164
92.997535705566
93.011917114258
92.954742431641
92.976608276367
93.023811340332
92.951385498047
92.959403991699
93.015571594238
93.017105102539
92.967651367188
92.960029602051
93.007911682129
92.976516723633
92.981063842773
93.033592224121
92.991836547852
92.98063659668
93.030982971191
92.976905822754
92.987899780273
92.976402282715
93.000923156738
92.977165222168
93.848114013672
93.081741333008
94.321990966797
94.416389465332
93.585342407227
94.971199035645
93.643447875977
94.591621398926
94.983406066895
94.17024230957
94.958518981934
94.985916137695
94.705940246582
94.9697265625
94.963844299316
94.947525024414
94.942001342773
94.963912963867
94.976593017578
94.869277954102
94.846496582031
94.963912963867
94.970153808594
94.955963134766
94.998588562012
94.947784423828
94.990158081055
95.022338867188
94.987571716309
95.010208129883
94.954734802246
94.986999511719
95.010299682617
94.938056945801
94.994262695312
94.966209411621
94.979461669922
95.003410339355
94.946548461914
94.979484558105
94.982696533203
94.962097167969
94.972427368164
94.953811645508
94.972396850586
94.973472595215
94.94181060791
94.975921630859
94.96110534668
95.194091796875
95.093383789062
95.485473632812
95.037399291992
95.32933807373
95.038497924805
95.181930541992
95.303092956543
95.0126953125
95.391075134277
95.021743774414
95.073486328125
94.998352050781
95.028381347656
95.204154968262
95.003921508789
95.072257995605
94.995231628418
95.018371582031
94.999176025391
95.035865783691
95.060249328613
94.991729736328
95.034461975098
95.029815673828
94.986785888672
95.023429870605
94.971099853516
95.093444824219
95.146362304688
95.74779510498
95.461036682129
95.734344482422
95.481292724609
95.806694030762
95.974800109863
95.564918518066
95.42448425293
95.932952880859
95.936920166016
95.554061889648
95.968620300293
95.971542358398
95.631851196289
95.980087280273
95.934074401855
95.983772277832
95.97713470459
95.984146118164
95.984786987305
96.09676361084
96.10570526123
96.024993896484
96.03734588623
96.048828125
95.993354797363
96.022468566895
96.025764465332
95.986740112305
84.41943359375
95.964057922363
95.999305725098
95.960517883301
95.982643127441
95.992950439453
95.971405029297
96.020210266113
96.02783203125
84.416412353516
96.082145690918
96.07487487793
95.994583129883
96.020080566406
96.058143615723
96.117294311523
96.014656066895
95.979125976562
96.049217224121
96.008605957031
96.019569396973
96.061782836914
95.998001098633
95.992980957031
96.03539276123
95.985649108887
96.027992248535
96.174896240234
95.984924316406
96.038795471191
95.998123168945
97.108024597168
97.303733825684
97.357330322266
97.322654724121
97.859413146973
97.468391418457
96.789581298828
97.904624938965
97.356567382812
97.830490112305
97.872200012207
97.298843383789
97.954406738281
97.949768066406
97.878349304199
97.980178833008
97.53311920166
97.964851379395
97.996551513672
97.831741333008
97.986114501953
98.048004150391
97.972320556641
97.98518371582
97.962783813477
98.05199432373
98.045013427734
98.133476257324
98.032920837402
98.005249023438
97.989219665527
98.064079284668
98.000648498535
97.970413208008
97.979362487793
97.964019775391
97.98779296875
97.976654052734
99.152572631836
99.683097839355
99.451835632324
99.833030700684
99.861892700195
99.425979614258
99.470977783203
98.888137817383
98.034378051758
98.561157226562
97.985900878906
98.194473266602
97.984390258789
97.992752075195
98.10765838623
97.959037780762
98.228294372559
98.09578704834
98.331474304199
98.070251464844
98.006195068359
98.083160400391
97.990966796875
97.969665527344
97.973167419434
97.969650268555
98.018676757812
97.996131896973
97.986618041992
98.003280639648
97.979202270508
97.994125366211
97.969657897949
97.985084533691
97.99658203125
97.986999511719
97.999855041504
86.317985534668
98.021835327148
98.011001586914
98.120429992676
97.983322143555
98.011253356934
97.980514526367
97.989028930664
97.976249694824
98.081535339355
98.003860473633
97.996704101562
98.012916564941
98.011077880859
97.986740112305
98.028511047363
97.95671081543
97.97518157959
97.999893188477
97.977027893066
98.031845092773
97.988357543945
97.996040344238
98.05712890625
97.973533630371
98.037445068359
97.974243164062
98.008079528809
97.998962402344
97.988754272461
97.989562988281
98.014198303223
97.991790771484
98.010284423828
97.967277526855
98.014015197754
97.999710083008
98.032562255859
98.016815185547
98.036224365234
97.993362426758
98.049583435059
97.983764648438
98.020111083984
98.083999633789
98.05184173584
54.23823928833
98.14274597168
55.233169555664
86.348907470703
86.367706298828
54.215370178223
86.305244445801
54.914302825928
54.914302825928
56.470245361328
56.495681762695
55.236595153809
54.223400115967
54.220275878906
54.98038482666
55.052097320557
55.127330780029
54.229057312012
52.819526672363
52.460540771484
52.460540771484
52.460540771484
52.460540771484
55.471130371094
38.375751495361
54.232089996338
54.883823394775
55.260055541992
54.976997375488
54.231094360352
52.828105926514
52.976314544678
52.976314544678
52.976314544678
54.2197265625
55.936264038086
38.368934631348
55.295185089111
54.910457611084
56.319412231445
55.540916442871
55.310569763184
54.223613739014
52.662841796875
52.662841796875
52.100269317627
52.100269317627
40.187705993652
54.231834411621
54.214855194092
52.725368499756
54.217716217041
54.230644226074
54.236946105957
54.233413696289
54.23291015625
54.23291015625
54.23291015625
54.23291015625
55.466884613037
55.72338104248
55.673572540283
54.984115600586
56.032104492188
56.140228271484
55.362705230713
55.452117919922
54.234439849854
54.233497619629
54.233497619629
57.868995666504
55.242172241211
55.771305084229
56.135669708252
56.005542755127
56.264617919922
56.768287658691
38.362648010254
54.740631103516
38.366813659668
52.488693237305
52.488693237305
54.228225708008
57.198013305664
45.206268310547
54.218227386475
55.937797546387
56.558052062988
56.299819946289
56.473350524902
56.243217468262
45.149887084961
52.304397583008
52.211250305176
54.217437744141
54.212623596191
52.759704589844
38.371822357178
38.360221862793
38.378303527832
55.93416595459
56.271209716797
52.495700836182
52.174343109131
52.064998626709
52.038219451904
52.195816040039
52.598411560059
52.249126434326
52.181613922119
52.243953704834
52.286106109619
52.296161651611
52.562480926514
52.288845062256
52.075996398926
52.044822692871
52.117267608643
52.21265411377
52.178462982178
52.162803649902
52.126838684082
52.165622711182
52.132259368896
52.173919677734
52.197948455811
52.151763916016
52.089775085449
51.960464477539
52.005809783936
52.149387359619
52.110198974609
69.0
98.178619384766
98.137008666992
98.472465515137
98.171974182129
98.650939941406
98.459457397461
98.184356689453
98.184356689453
86.146675109863
52.304954528809
98.014694213867
97.975860595703
97.979713439941
97.99861907959
97.991119384766
97.966728210449
97.987976074219
97.961479187012
98.00569152832
97.971237182617
98.00984954834
97.962287902832
97.971366882324
97.977874755859
97.965698242188
97.992774963379
97.964424133301
98.034324645996
98.016128540039
97.995071411133
98.025009155273
97.99227142334
98.034637451172
98.01505279541
98.042823791504
97.981002807617
97.968856811523
97.976676940918
97.992088317871
97.957977294922
97.957954406738
97.977661132812
97.986442565918
97.99340057373
97.959823608398
96.435852050781
97.937408447266
96.464111328125
97.421440124512
96.94660949707
97.376258850098
97.863006591797
97.338348388672
97.792770385742
97.834007263184
97.924865722656
97.761749267578
97.921752929688
97.876029968262
97.987205505371
97.947402954102
97.916664123535
97.965682983398
97.989639282227
97.968978881836
97.995147705078
98.003807067871
97.653915405273
96.203308105469
97.076873779297
96.23072052002
96.310897827148
96.117431640625
96.032249450684
96.346282958984
96.027282714844
96.06583404541
96.004364013672
95.965980529785
95.981407165527
95.970474243164
95.985038757324
96.014892578125
95.973983764648
95.95662689209
96.028999328613
96.676223754883
96.007202148438
96.780921936035
96.074249267578
99.185066223145
96.430610656738
99.110336303711
99.787017822266
99.824821472168
99.845291137695
99.449974060059
99.613945007324
99.942588806152
99.945175170898
99.929321289062
99.956092834473
99.975479125977
99.982078552246
99.975173950195
99.979019165039
99.988746643066
99.987991333008
99.983512878418
100.00849151611
99.993850708008
99.962051391602
100.00936889648
99.995910644531
99.995788574219
99.998870849609
99.977752685547
99.991081237793
100.05274963379
100.04804992676
101.33692169189
100.10223388672
101.15605163574
99.996475219727
100.4351348877
100.00738525391
101.04258728027
101.31069946289
100.92590332031
100.89598846436
101.96335601807
101.51293182373
101.8577041626
101.51043701172
101.77331542969
101.61110687256
101.51891326904
101.97132110596
101.86309814453
101.97920227051
101.89251708984
101.98316955566
102.00794219971
102.00730133057
101.97786712646
101.95478820801
101.9854888916
102.00165557861
101.98120880127
101.97676086426
102.01406097412
101.98091125488
101.96898651123
101.96436309814
101.95893859863
101.95295715332
101.94934082031
102.00537109375
101.99305725098
101.98560333252
101.97219848633
101.98059844971
101.99004364014
102.01316070557
101.9836807251
101.98999786377
90.174880981445
101.98313903809
102.00439453125
102.02394866943
101.98851013184
101.97113037109
102.00527954102
101.98022460938
101.97402191162
102.01873779297
102.01850891113
102.00938415527
101.98725891113
102.02249145508
102.01220703125
102.00807952881
102.02424621582
101.99333953857
102.01061248779
101.57196807861
102.03401184082
102.00782012939
102.07704162598
102.03995513916
90.276435852051
102.07289886475
51.96212387085
90.348739624023
51.97533416748
90.165153503418
90.330299377441
102.27180480957
102.27449798584
102.27558898926
59.222179412842
60.432876586914
