69.0
69.0
69.0
51.098461151123
50.387809753418
54.225101470947
54.223545074463
54.228199005127
54.22607421875
54.22607421875
54.219928741455
54.239868164062
54.239868164062
54.23469543457
54.231136322021
54.230487823486
54.228229522705
54.211647033691
54.211647033691
54.225231170654
54.207580566406
54.207580566406
54.862258911133
55.043025970459
54.911228179932
54.874969482422
54.923316955566
55.003036499023
54.959545135498
55.058895111084
55.117462158203
54.938541412354
54.902389526367
55.191326141357
55.018539428711
54.906017303467
55.036876678467
54.839099884033
54.925319671631
55.100147247314
55.021106719971
55.185436248779
54.891750335693
55.166885375977
55.05216217041
55.039600372314
54.930934906006
54.940841674805
54.961612701416
54.97144317627
54.858211517334
54.933723449707
54.937732696533
54.91036605835
55.091621398926
55.088611602783
55.004730224609
54.915367126465
55.057144165039
55.090408325195
55.087707519531
54.945407867432
55.163116455078
54.862693786621
55.011783599854
55.075092315674
55.000782012939
54.973766326904
54.883251190186
55.105487823486
55.003589630127
54.914588928223
54.98677444458
54.888565063477
54.89183807373
55.135124206543
54.925510406494
55.04174041748
54.902339935303
54.933483123779
55.066848754883
55.037124633789
54.930320739746
54.905048370361
54.897956848145
55.016635894775
55.115859985352
54.971664428711
55.06657409668
55.093753814697
54.984462738037
54.977516174316
54.925128936768
55.052368164062
54.941474914551
54.821750640869
54.916946411133
55.073162078857
54.996185302734
55.065250396729
54.897052764893
54.963851928711
54.943962097168
54.836555480957
55.038806915283
55.107242584229
55.097969055176
54.899036407471
54.917961120605
54.956520080566
55.082176208496
54.89123916626
54.821109771729
55.116539001465
54.91682434082
54.9352684021
55.07345199585
55.078704833984
54.897956848145
54.980590820312
54.842334747314
55.010025024414
54.924369812012
55.220237731934
54.733154296875
54.923671722412
54.969398498535
54.884578704834
54.881080627441
54.984279632568
54.923915863037
54.874523162842
55.016571044922
54.940258026123
54.939033508301
54.80428314209
54.924152374268
54.988891601562
54.977157592773
54.938179016113
55.037746429443
55.142166137695
54.93090057373
54.968078613281
55.067234039307
54.922050476074
55.040336608887
55.077014923096
54.901355743408
55.008239746094
54.970279693604
54.835834503174
54.905536651611
54.885353088379
54.908843994141
54.986457824707
54.879173278809
54.984565734863
54.985195159912
54.976928710938
54.928592681885
55.010707855225
54.825191497803
54.869831085205
54.240802764893
54.234321594238
54.234706878662
51.169654846191
50.36389541626
50.366992950439
50.363342285156
36.716827392578
52.749309539795
54.225078582764
54.232284545898
54.228988647461
54.224182128906
52.910541534424
50.379123687744
51.421897888184
50.367393493652
50.371269226074
51.473045349121
51.747394561768
50.376533508301
51.503852844238
50.379802703857
51.744564056396
51.548053741455
50.366893768311
50.366622924805
50.369602203369
50.371311187744
50.373012542725
50.36979675293
50.371341705322
50.376762390137
50.371547698975
50.36646270752
50.36771774292
50.36576461792
50.363151550293
49.42085647583
62.00798034668
61.933139801025
61.963787078857
62.210460662842
61.744159698486
61.964813232422
62.073554992676
61.903255462646
61.877338409424
54.979179382324
54.848320007324
54.977996826172
55.157005310059
54.914947509766
54.976779937744
43.124645233154
62.023651123047
61.720867156982
61.490165710449
61.640354156494
54.232727050781
54.232044219971
42.934188842773
43.010368347168
61.303821563721
61.662231445312
61.748512268066
61.972858428955
62.248012542725
61.935508728027
60.893489837646
61.853549957275
61.620059967041
61.880565643311
61.938587188721
61.93140411377
61.839164733887
61.921157836914
61.987083435059
62.068588256836
61.875759124756
61.788539886475
61.989513397217
61.86051940918
62.085643768311
61.865642547607
61.888633728027
62.068511962891
61.947345733643
50.360897064209
50.356555938721
62.044277191162
61.962951660156
50.358798980713
62.056903839111
61.912181854248
60.32396697998
61.769897460938
50.364685058594
50.350269317627
61.919986724854
50.365234375
62.035808563232
62.100151062012
50.363109588623
50.356914520264
62.002185821533
62.058742523193
62.040042877197
62.071094512939
62.024253845215
61.69571685791
62.060321807861
62.045509338379
61.924861907959
62.029201507568
61.811191558838
62.249889373779
50.359031677246
50.394748687744
61.705520629883
50.389488220215
61.802940368652
60.000396728516
50.355491638184
62.041004180908
61.948593139648
61.975036621094
62.271842956543
62.044132232666
62.033622741699
62.090335845947
62.00662612915
50.370735168457
61.966114044189
62.03254699707
61.736320495605
61.825931549072
61.977359771729
61.885803222656
61.939682006836
61.935203552246
61.403072357178
62.000186920166
61.825778961182
62.032760620117
62.002285003662
50.36209487915
50.379676818848
61.858097076416
61.836074829102
61.98836517334
61.944118499756
62.038372039795
62.0302734375
62.038185119629
61.704532623291
62.01057434082
62.034809112549
61.891315460205
61.903926849365
62.037704467773
61.969982147217
50.362129211426
62.005592346191
61.990653991699
61.856399536133
62.008289337158
61.96736907959
61.982326507568
61.643913269043
61.87158203125
61.689407348633
61.607177734375
61.872734069824
61.801307678223
61.735355377197
61.066814422607
62.019367218018
62.046607971191
62.091678619385
61.999126434326
62.055862426758
62.017520904541
61.951503753662
62.023681640625
61.964584350586
61.951545715332
61.692863464355
62.031219482422
62.031482696533
61.939380645752
62.004539489746
61.995307922363
61.904491424561
61.977695465088
61.756301879883
62.041973114014
62.103778839111
61.984722137451
61.908302307129
62.064922332764
61.949829101562
50.355819702148
61.980979919434
61.965347290039
61.942295074463
61.899799346924
61.947227478027
61.974842071533
61.987442016602
62.010494232178
61.960376739502
61.937824249268
61.973365783691
61.970489501953
61.992679595947
61.9140625
62.015628814697
62.0390625
61.911125183105
61.904102325439
62.050838470459
61.940361022949
61.943859100342
50.371963500977
48.900680541992
62.062881469727
61.946075439453
61.984069824219
61.99284362793
62.022735595703
62.089027404785
62.068649291992
61.853816986084
61.992916107178
62.155773162842
61.963844299316
61.666645050049
50.360622406006
61.055744171143
61.858722686768
62.021743774414
61.886444091797
61.833869934082
61.994625091553
62.180023193359
50.363357543945
50.357635498047
50.361812591553
50.37385559082
50.373882293701
50.361545562744
50.351493835449
50.361896514893
50.366863250732
61.956748962402
61.967292785645
62.052276611328
62.032073974609
61.474430084229
62.015827178955
61.955127716064
61.967723846436
61.956314086914
50.358093261719
50.355102539062
50.356475830078
50.357025146484
50.355377197266
50.361225128174
50.366691589355
50.355224609375
50.359180450439
50.360939025879
50.364929199219
50.360111236572
50.356796264648
50.355781555176
50.358463287354
50.360019683838
50.358615875244
50.361133575439
61.971885681152
61.932033538818
61.965633392334
66.748794555664
66.998016357422
67.079635620117
67.073318481445
67.051910400391
67.050575256348
67.07551574707
67.00407409668
66.987121582031
67.084983825684
64.753456115723
63.789981842041
48.734283447266
49.374351501465
50.348899841309
50.352088928223
66.235168457031
66.25212097168
66.24390411377
67.007118225098
66.994255065918
67.009056091309
67.026473999023
67.141471862793
48.601245880127
67.021835327148
67.048889160156
66.963134765625
66.994476318359
67.084365844727
67.054100036621
54.921142578125
67.153831481934
67.30110168457
67.072830200195
67.004257202148
67.112098693848
67.036056518555
66.983940124512
54.659301757812
67.038230895996
67.08519744873
67.116966247559
67.018745422363
67.086639404297
54.258445739746
66.860931396484
67.065521240234
67.080413818359
67.034530639648
67.165573120117
55.709609985352
67.051040649414
67.075645446777
67.173957824707
67.084823608398
67.060485839844
67.114067077637
67.0634765625
67.034255981445
67.083717346191
67.185012817383
67.13298034668
67.16478729248
67.090003967285
67.245185852051
67.166259765625
67.124984741211
67.037109375
67.044013977051
66.987510681152
67.017478942871
67.115623474121
66.999519348145
67.052825927734
67.19066619873
67.221069335938
66.979820251465
54.65051651001
67.228416442871
67.023864746094
66.972244262695
67.081275939941
67.012145996094
67.035110473633
67.088165283203
67.073699951172
67.074447631836
66.991455078125
67.101821899414
67.109519958496
67.181655883789
67.019203186035
67.122200012207
67.193305969238
67.111442565918
67.161056518555
66.995910644531
67.161499023438
67.031753540039
67.087280273438
67.084533691406
67.056503295898
67.022605895996
67.080093383789
54.838047027588
67.050758361816
67.090812683105
67.097389221191
67.152763366699
67.037109375
67.05118560791
67.030960083008
67.132461547852
67.020553588867
67.032173156738
67.047332763672
66.987609863281
67.006996154785
67.068290710449
67.104164123535
67.0322265625
67.00675201416
66.970558166504
67.048942565918
66.95240020752
67.080261230469
66.267951965332
54.961441040039
48.329120635986
48.329120635986
48.279758453369
69.069816589355
69.089729309082
69.044960021973
68.892059326172
69.003707885742
68.985542297363
56.925186157227
70.815673828125
70.712066650391
70.465560913086
69.12589263916
68.960586547852
69.095664978027
69.117523193359
69.020225524902
67.559127807617
67.111183166504
67.252212524414
67.085304260254
67.197402954102
67.402770996094
67.273582458496
67.187866210938
68.420288085938
68.414588928223
68.979202270508
68.902198791504
69.110572814941
68.766677856445
69.028869628906
68.794006347656
68.694381713867
50.031902313232
50.343421936035
69.261688232422
69.056327819824
69.052070617676
50.34285736084
56.837730407715
69.052261352539
49.67643737793
56.640544891357
69.125335693359
50.359691619873
69.236488342285
50.348693847656
69.264228820801
69.078216552734
50.345367431641
69.121871948242
56.90450668335
69.136581420898
69.086540222168
69.051162719727
68.990814208984
69.027542114258
69.020126342773
68.962860107422
69.069725036621
69.086387634277
69.082489013672
69.099220275879
69.12336730957
69.070503234863
56.879211425781
68.974159240723
69.015548706055
69.00023651123
68.752281188965
69.036674499512
69.124160766602
69.046920776367
69.083946228027
69.087516784668
69.16104888916
70.818145751953
70.961364746094
70.993713378906
71.113761901855
71.018013000488
70.934791564941
70.734809875488
70.886917114258
70.961700439453
71.044708251953
71.01439666748
71.003944396973
71.103858947754
71.059020996094
71.033058166504
71.048789978027
71.084053039551
71.123420715332
71.01717376709
70.981803894043
70.98356628418
71.002098083496
71.053764343262
70.892555236816
70.951438903809
71.054885864258
71.074478149414
71.091270446777
71.069778442383
71.031242370605
70.977806091309
71.002159118652
70.989067077637
70.982475280762
70.96817779541
70.978370666504
70.971664428711
71.053009033203
70.985885620117
71.024703979492
71.005485534668
71.064460754395
71.052886962891
71.032554626465
71.021347045898
71.022979736328
71.076072692871
71.061500549316
71.022338867188
71.00316619873
71.028450012207
70.985542297363
70.983009338379
71.013465881348
70.989540100098
71.02075958252
70.991188049316
71.030433654785
71.019172668457
71.000793457031
71.099975585938
71.0126953125
70.961952209473
71.045227050781
71.050003051758
70.977600097656
71.008110046387
71.042068481445
71.077102661133
71.026252746582
71.047302246094
71.003852844238
70.996192932129
71.023979187012
71.03662109375
71.037178039551
70.956207275391
70.984512329102
71.025115966797
70.996620178223
71.02197265625
71.032005310059
71.026908874512
71.020431518555
71.000160217285
71.093231201172
71.089889526367
70.956237792969
70.99739074707
71.89395904541
72.000671386719
71.838569641113
71.675659179688
71.940071105957
71.897499084473
71.980018615723
71.807769775391
71.977340698242
71.880950927734
71.00212097168
71.569290161133
71.545120239258
71.899284362793
71.96614074707
71.963691711426
71.997955322266
71.965461730957
72.049285888672
72.001472473145
71.985366821289
72.034469604492
71.97184753418
71.955688476562
71.976051330566
71.947418212891
71.974540710449
71.95809173584
71.972679138184
71.990631103516
72.026794433594
71.980491638184
71.957725524902
72.001014709473
71.928680419922
71.977401733398
71.968658447266
72.003128051758
72.01016998291
71.985511779785
72.028823852539
72.008590698242
71.972991943359
72.086692810059
72.023918151855
71.249534606934
71.177055358887
71.872283935547
72.056541442871
72.04052734375
72.070014953613
72.025329589844
71.982292175293
72.023086547852
72.014236450195
72.03458404541
71.992614746094
72.057632446289
71.991882324219
72.050430297852
71.990699768066
71.98429107666
72.049911499023
71.954193115234
72.093673706055
73.550773620605
73.912719726562
73.919464111328
73.984016418457
73.972511291504
73.979522705078
73.96329498291
73.895523071289
73.944984436035
73.981506347656
73.986267089844
73.964210510254
73.978378295898
73.97469329834
73.969619750977
73.986877441406
73.961837768555
73.976539611816
74.007820129395
73.995918273926
74.003463745117
74.018424987793
74.028816223145
73.974998474121
73.960060119629
74.002479553223
73.985382080078
73.980194091797
73.994132995605
74.025550842285
74.000663757324
73.992835998535
73.99446105957
73.969734191895
74.020629882812
73.957382202148
74.015296936035
74.011779785156
74.002380371094
73.131492614746
73.636840820312
73.775733947754
73.680610656738
73.637825012207
73.863327026367
74.032035827637
73.94287109375
73.90111541748
73.969039916992
74.082626342773
74.025108337402
74.016723632812
73.990104675293
73.921836853027
73.916000366211
73.919708251953
73.978340148926
73.986289978027
74.003768920898
73.993858337402
74.082099914551
74.003517150879
74.004676818848
73.970108032227
73.963981628418
73.979385375977
73.971031188965
74.115264892578
73.946624755859
73.94499206543
73.969123840332
73.997451782227
73.965270996094
74.0078125
73.991508483887
74.019882202148
73.994476318359
73.949089050293
73.996604919434
73.999526977539
74.061866760254
73.971611022949
73.974243164062
73.983261108398
74.086647033691
74.325531005859
73.974723815918
73.986618041992
73.997619628906
74.098777770996
75.832145690918
75.208366394043
75.735992431641
75.89217376709
74.350547790527
74.625312805176
74.723762512207
75.692710876465
75.968231201172
75.906684875488
75.788291931152
76.035438537598
75.859649658203
75.810111999512
75.502830505371
75.630432128906
75.860656738281
75.373344421387
75.929649353027
75.96199798584
75.958595275879
75.938285827637
75.966033935547
75.934677124023
75.949851989746
75.93416595459
75.963340759277
75.948364257812
75.960083007812
75.955345153809
75.968574523926
75.955841064453
75.964019775391
75.965705871582
75.963401794434
75.961372375488
75.932258605957
75.946464538574
75.952537536621
75.981033325195
75.956893920898
75.968811035156
75.978660583496
75.950942993164
75.955726623535
75.961975097656
75.953666687012
75.94970703125
75.956481933594
75.965377807617
75.913536071777
75.961326599121
75.967704772949
75.962516784668
75.945327758789
76.308494567871
76.511253356934
76.538917541504
76.902313232422
78.24144744873
78.20384979248
76.951354980469
77.179801940918
76.802947998047
77.62532043457
77.488288879395
77.155754089355
76.98575592041
77.028877258301
76.996673583984
76.532745361328
76.61888885498
76.499641418457
76.519348144531
76.225868225098
76.250350952148
76.249244689941
76.19310760498
76.000785827637
76.063690185547
76.13249206543
75.964744567871
75.972274780273
76.009841918945
75.969741821289
76.041427612305
76.159851074219
76.041069030762
75.997406005859
75.976013183594
75.993766784668
75.958694458008
75.954658508301
75.960289001465
75.964935302734
75.969566345215
75.967292785645
75.946632385254
75.944763183594
75.941192626953
76.401489257812
76.226341247559
76.361976623535
76.622001647949
76.622901916504
76.397094726562
76.450492858887
76.789619445801
76.504470825195
76.693695068359
75.962753295898
76.538848876953
76.860160827637
76.849090576172
76.91690826416
77.015747070312
77.058433532715
76.993682861328
76.997512817383
76.977027893066
76.995506286621
77.012069702148
77.038223266602
77.040672302246
77.002632141113
76.985580444336
76.981452941895
77.009254455566
77.037933349609
77.06559753418
77.012298583984
77.04044342041
76.986267089844
76.971549987793
76.99641418457
76.954635620117
76.966354370117
76.993995666504
77.035064697266
77.005950927734
76.960632324219
77.004280090332
76.964508056641
76.973968505859
77.006744384766
77.025695800781
77.029403686523
77.015953063965
77.028205871582
76.989875793457
77.001998901367
76.97208404541
77.01390838623
76.961448669434
76.96118927002
76.987716674805
76.96964263916
76.996795654297
77.037078857422
77.020584106445
76.951210021973
76.977432250977
76.960151672363
76.950874328613
76.983421325684
76.947547912598
77.005294799805
77.006401062012
77.029006958008
77.018371582031
76.988639831543
76.995407104492
76.971321105957
76.985748291016
76.993339538574
77.02074432373
77.019500732422
76.989738464355
76.980850219727
76.975448608398
76.998352050781
77.001693725586
77.030693054199
77.012710571289
77.003150939941
76.977684020996
76.992004394531
76.976295471191
77.006072998047
77.036338806152
76.888290405273
76.994331359863
77.027153015137
76.940116882324
77.07209777832
76.975364685059
76.965705871582
77.004753112793
77.011177062988
77.031143188477
77.025955200195
76.973999023438
76.972579956055
76.852935791016
76.934539794922
77.09432220459
76.826759338379
76.970825195312
76.982139587402
77.028205871582
76.933380126953
76.94677734375
76.948806762695
77.001602172852
76.983291625977
76.990425109863
76.989784240723
76.965126037598
76.979110717773
76.991844177246
76.955619812012
77.011245727539
76.968147277832
77.016426086426
76.968185424805
78.960250854492
78.209762573242
78.207664489746
78.158233642578
78.196296691895
78.831413269043
78.914024353027
78.960159301758
78.946975708008
78.237808227539
78.245292663574
78.862808227539
78.872825622559
78.937080383301
78.898559570312
78.963584899902
78.896331787109
78.956321716309
78.981307983398
78.969177246094
78.988204956055
78.941787719727
78.970352172852
78.973968505859
78.994781494141
78.990226745605
79.005432128906
79.003829956055
78.975807189941
78.984519958496
78.996810913086
78.93465423584
78.988639831543
78.98038482666
78.990310668945
78.996932983398
78.91268157959
78.965698242188
78.982231140137
78.958084106445
78.965026855469
78.984085083008
78.920066833496
79.004974365234
78.99178314209
79.019882202148
78.959930419922
78.982925415039
78.980049133301
78.972480773926
79.003608703613
78.957931518555
78.967338562012
78.969627380371
78.962928771973
78.945159912109
78.942001342773
78.981231689453
78.956893920898
78.983787536621
79.048690795898
80.948181152344
80.622489929199
80.740875244141
80.981292724609
80.582191467285
80.031616210938
80.787902832031
79.456382751465
80.371292114258
80.981079101562
80.832817077637
80.794937133789
80.859062194824
80.940162658691
80.955253601074
80.950645446777
80.989280700684
80.991500854492
80.969802856445
80.966316223145
80.967315673828
80.992637634277
80.951263427734
80.959091186523
80.97191619873
80.902397155762
80.938896179199
80.968307495117
80.943161010742
80.935119628906
80.961723327637
80.95133972168
80.965194702148
80.965881347656
81.00074005127
80.990188598633
81.061340332031
80.979484558105
81.02466583252
81.03638458252
81.046653747559
80.96598815918
80.970230102539
81.008636474609
81.04475402832
80.991516113281
80.990135192871
81.00220489502
80.94645690918
80.99772644043
81.028144836426
80.95206451416
80.978652954102
80.944458007812
80.982582092285
80.986297607422
81.025466918945
81.022232055664
81.032341003418
80.938888549805
80.968048095703
80.989486694336
80.990570068359
81.099388122559
80.963912963867
82.215522766113
81.293365478516
81.878433227539
81.561706542969
82.52668762207
82.609794616699
82.303871154785
82.760955810547
82.281867980957
82.942184448242
82.738792419434
82.586410522461
82.975227355957
82.924743652344
82.527084350586
82.950286865234
83.049827575684
82.926933288574
82.892959594727
82.97144317627
83.042701721191
83.032150268555
83.092948913574
82.999755859375
83.119270324707
82.98420715332
83.00798034668
82.989929199219
82.979682922363
83.125587463379
82.981376647949
83.097915649414
83.026237487793
83.040985107422
83.069297790527
83.018142700195
83.015602111816
83.01530456543
82.981414794922
83.001449584961
82.993896484375
83.017127990723
82.987815856934
83.045860290527
82.954246520996
83.034317016602
82.966354370117
82.97673034668
82.963844299316
83.115036010742
82.959541320801
83.084648132324
82.977600097656
83.103546142578
83.006072998047
83.108901977539
82.951690673828
82.973731994629
82.972412109375
82.948226928711
82.955131530762
82.963264465332
82.975303649902
82.978591918945
83.478912353516
83.090202331543
83.742576599121
83.554916381836
83.74169921875
83.744186401367
83.874618530273
83.94181060791
83.911331176758
83.890319824219
83.89331817627
84.006217956543
83.970359802246
83.977996826172
83.994255065918
84.002937316895
84.003479003906
84.015060424805
84.000526428223
84.079322814941
83.984855651855
83.983070373535
83.967109680176
84.940864562988
84.929130554199
84.520370483398
85.355171203613
85.77197265625
85.656593322754
85.907806396484
85.679168701172
85.977279663086
84.697196960449
85.509895324707
85.16527557373
85.715995788574
84.471923828125
85.047698974609
84.067474365234
84.506362915039
84.20573425293
84.094551086426
84.00658416748
84.031196594238
84.450256347656
84.056510925293
84.028747558594
83.987205505371
84.036964416504
84.056182861328
84.03443145752
84.04426574707
84.011871337891
83.99552154541
83.996162414551
83.97647857666
84.024642944336
84.015502929688
83.996574401855
83.990425109863
84.074142456055
83.988891601562
84.117645263672
84.024612426758
84.015434265137
83.990371704102
84.006652832031
84.004989624023
84.00562286377
84.007354736328
83.996841430664
83.992866516113
84.035385131836
84.007545471191
85.389144897461
84.15544128418
84.01880645752
84.205863952637
84.349914550781
84.743522644043
84.638580322266
84.0654296875
85.37508392334
85.155151367188
85.847175598145
85.164840698242
85.958854675293
85.556777954102
85.935836791992
85.95280456543
85.93985748291
85.973648071289
85.956954956055
85.959815979004
85.98365020752
85.981544494629
85.982543945312
85.967552185059
85.960891723633
85.955642700195
85.967727661133
85.979164123535
85.978126525879
85.994262695312
85.976921081543
85.974212646484
85.962921142578
86.002532958984
85.993125915527
85.975608825684
85.971244812012
85.973037719727
85.976135253906
85.991409301758
85.97477722168
85.958724975586
85.984939575195
85.987190246582
85.980453491211
85.931007385254
85.957344055176
85.96427154541
85.974609375
85.972206115723
85.999656677246
85.970947265625
85.992492675781
85.975318908691
85.950218200684
85.979057312012
85.960433959961
85.969245910645
85.995338439941
86.011764526367
85.972503662109
85.968109130859
85.973838806152
85.98999786377
85.994766235352
85.979209899902
87.54069519043
86.286483764648
87.709884643555
87.505432128906
87.862365722656
87.778511047363
87.740196228027
87.939208984375
87.958923339844
87.920318603516
87.65869140625
87.961608886719
87.941947937012
87.877639770508
87.903549194336
87.964729309082
87.941062927246
87.98770904541
88.03426361084
87.97925567627
69.010971069336
88.018142700195
68.901412963867
88.034782409668
69.014259338379
88.249481201172
69.011726379395
69.123306274414
69.070854187012
69.057456970215
87.995422363281
69.038688659668
88.300010681152
68.947357177734
68.309761047363
88.238624572754
68.776832580566
68.368560791016
68.792091369629
68.727325439453
68.711120605469
88.03148651123
88.13427734375
88.004203796387
87.076194763184
88.00830078125
87.395980834961
87.977973937988
87.994506835938
88.001686096191
88.034820556641
88.02562713623
87.987358093262
87.990409851074
87.984146118164
88.019966125488
88.004669189453
88.02855682373
87.985450744629
88.000061035156
87.981231689453
87.966186523438
87.958572387695
87.959999084473
87.957359313965
87.97998046875
87.927665710449
87.964225769043
87.956085205078
87.958145141602
87.984031677246
87.97191619873
88.135154724121
88.094902038574
89.893951416016
89.699150085449
89.614456176758
88.75170135498
90.352264404297
89.518966674805
89.039344787598
89.700012207031
89.024490356445
89.025100708008
89.161407470703
89.186195373535
89.153099060059
88.615753173828
89.072814941406
88.98747253418
88.957870483398
88.99861907959
88.990966796875
88.976417541504
88.995643615723
88.988861083984
88.952224731445
88.966690063477
89.007255554199
88.984703063965
88.97038269043
88.95915222168
89.051795959473
89.004188537598
88.990798950195
88.983810424805
89.007507324219
88.364036560059
88.922241210938
88.461204528809
88.034576416016
88.13623046875
88.204048156738
88.122123718262
88.784820556641
88.056900024414
88.51847076416
88.769943237305
88.912231445312
88.751976013184
88.731567382812
88.885467529297
89.038314819336
88.920867919922
88.842231750488
88.793937683105
88.979682922363
88.979927062988
88.89289855957
88.974800109863
88.912811279297
88.978797912598
89.04069519043
88.967956542969
88.943923950195
88.998336791992
88.980194091797
88.986618041992
88.955543518066
88.993942260742
88.984809875488
88.952377319336
88.966293334961
89.025321960449
88.967597961426
89.020683288574
88.968658447266
88.902854919434
89.013885498047
89.986663818359
89.001022338867
89.472732543945
89.597274780273
89.128067016602
89.62052154541
89.070457458496
90.41837310791
89.366996765137
90.329643249512
90.733169555664
90.265533447266
90.877586364746
90.564910888672
90.920303344727
90.84880065918
90.958419799805
90.919242858887
90.986488342285
90.921195983887
91.001998901367
90.924133300781
90.959999084473
90.988410949707
90.973342895508
90.956077575684
90.990898132324
90.9794921875
90.995246887207
90.988960266113
90.992683410645
90.976219177246
90.99324798584
90.979652404785
90.976844787598
90.978584289551
90.981582641602
91.003952026367
90.977363586426
90.955535888672
90.991638183594
90.987617492676
90.99723815918
91.061752319336
92.052345275879
91.005516052246
91.736709594727
92.921463012695
91.909828186035
91.236213684082
92.928169250488
91.504676818848
91.339797973633
91.654495239258
91.109977722168
91.16658782959
91.625442504883
91.233795166016
91.166877746582
91.265083312988
91.13501739502
91.092514038086
91.014770507812
91.008392333984
91.030921936035
90.997276306152
90.985794067383
91.000679016113
90.974876403809
90.988761901855
90.993072509766
90.991432189941
90.945274353027
90.972351074219
90.985168457031
90.976638793945
90.997169494629
90.971420288086
90.973480224609
90.989280700684
90.980484008789
90.975448608398
90.969596862793
91.026054382324
90.972831726074
90.982513427734
90.977005004883
91.068977355957
90.998497009277
91.043907165527
90.977043151855
90.976577758789
91.028785705566
90.984153747559
91.043060302734
91.137077331543
91.030693054199
91.053504943848
92.48014831543
91.507835388184
92.849517822266
92.768524169922
92.572280883789
92.92618560791
92.521492004395
92.457092285156
92.985000610352
92.797744750977
92.917823791504
92.82837677002
92.972801208496
92.836456298828
92.929420471191
92.953948974609
92.997383117676
92.994201660156
92.982208251953
92.97282409668
93.030143737793
93.044967651367
92.972877502441
92.966369628906
93.089111328125
92.975814819336
92.945426940918
92.97631072998
92.902061462402
92.970008850098
92.949317932129
92.967811584473
92.967063903809
92.956893920898
92.95206451416
92.946586608887
92.967658996582
92.984634399414
92.966598510742
92.925773620605
92.972320556641
92.898704528809
92.955841064453
92.93733215332
92.9384765625
92.950218200684
92.953666687012
92.962707519531
92.953628540039
92.958076477051
92.929573059082
92.950263977051
92.96231842041
92.970268249512
92.934982299805
92.947654724121
92.923141479492
92.947784423828
92.952682495117
92.917221069336
92.959350585938
92.930130004883
92.96688079834
92.967376708984
92.955375671387
92.971138000488
92.972625732422
92.965225219727
92.96794128418
92.961563110352
92.955612182617
92.976997375488
92.959579467773
92.962608337402
92.962738037109
94.754104614258
94.10489654541
94.824645996094
94.840637207031
94.942367553711
94.871238708496
94.872978210449
94.914535522461
94.904365539551
94.939025878906
94.948974609375
94.94677734375
94.90007019043
94.954971313477
94.946983337402
94.787139892578
94.945823669434
94.940155029297
94.923156738281
94.943740844727
94.970977783203
94.964172363281
94.955421447754
94.950668334961
94.970481872559
94.995162963867
94.965667724609
94.921241760254
94.983131408691
94.953620910645
94.91870880127
94.941284179688
94.934631347656
94.983917236328
94.961463928223
94.996475219727
95.667137145996
95.142623901367
95.853096008301
95.812713623047
95.967063903809
95.81844329834
95.552742004395
95.829727172852
95.274269104004
95.49976348877
95.243850708008
95.223320007324
95.228385925293
95.047325134277
95.201583862305
95.126724243164
95.047927856445
94.99853515625
95.201454162598
95.029174804688
95.010848999023
94.96484375
94.980918884277
95.01741027832
95.004066467285
94.985649108887
95.005249023438
94.968933105469
95.040100097656
95.065841674805
94.951202392578
94.962928771973
95.023094177246
95.000770568848
95.087059020996
94.958656311035
95.01725769043
95.018402099609
94.980484008789
94.974945068359
94.966690063477
94.98046875
94.947212219238
94.96849822998
94.956161499023
94.968811035156
94.979461669922
94.958908081055
94.963592529297
94.931228637695
94.961639404297
94.910430908203
94.966705322266
94.96215057373
94.996505737305
94.972839355469
94.966346740723
94.954986572266
94.95686340332
94.964485168457
94.951309204102
94.959197998047
94.942687988281
94.957626342773
94.985153198242
94.942779541016
95.078125
94.965087890625
94.9794921875
95.003845214844
94.970649719238
94.967254638672
95.039642333984
94.978439331055
94.990859985352
95.00772857666
94.99592590332
95.616165161133
95.728225708008
95.867721557617
95.94165802002
95.921699523926
95.930290222168
95.921615600586
95.99658203125
95.95881652832
95.947807312012
95.964317321777
95.928619384766
95.96280670166
95.997543334961
95.93733215332
95.992713928223
95.969947814941
95.97257232666
95.970680236816
95.981842041016
95.988067626953
96.010047912598
96.021743774414
95.973426818848
95.978607177734
95.957191467285
96.027351379395
95.987426757812
95.969352722168
95.981819152832
95.964172363281
95.950256347656
95.982475280762
95.97811126709
95.966918945312
96.012710571289
95.971138000488
96.004165649414
95.980094909668
96.002952575684
96.0146484375
96.032516479492
96.040756225586
95.96556854248
95.994750976562
95.979293823242
95.980667114258
95.970344543457
95.997085571289
96.013305664062
95.96403503418
96.001068115234
95.837966918945
95.285667419434
95.06714630127
95.493270874023
95.080436706543
95.121803283691
95.342956542969
95.280464172363
95.096473693848
97.604667663574
97.467102050781
97.276611328125
97.85424041748
97.732452392578
97.71183013916
97.65168762207
97.9091796875
97.824096679688
97.940063476562
97.519065856934
97.934127807617
97.977233886719
97.911468505859
97.964530944824
97.970657348633
97.956520080566
97.947853088379
97.968444824219
97.984268188477
98.005905151367
98.033790588379
97.986434936523
97.98087310791
97.962875366211
97.965484619141
97.993629455566
97.973892211914
98.000381469727
97.978660583496
97.971557617188
97.957824707031
97.963264465332
97.948089599609
97.990104675293
97.968696594238
97.972732543945
97.966857910156
97.954071044922
97.998466491699
97.953918457031
97.969451904297
97.969551086426
97.976905822754
98.022514343262
98.001991271973
97.990791320801
98.015930175781
98.063514709473
98.003959655762
98.098052978516
97.988815307617
98.061889648438
97.987289428711
97.99137878418
98.033744812012
97.951614379883
97.990226745605
97.956855773926
97.962112426758
98.007698059082
97.983924865723
98.012451171875
97.968139648438
98.023536682129
97.985252380371
97.975250244141
97.971878051758
97.982490539551
97.983856201172
98.000999450684
98.022666931152
97.984062194824
98.048736572266
97.992088317871
98.107559204102
98.00178527832
98.118637084961
98.076156616211
98.012870788574
98.201400756836
98.078544616699
98.12223815918
50.367332458496
50.362567901611
49.950271606445
50.360576629639
86.295692443848
38.494152069092
86.383178710938
49.996288299561
38.371875762939
48.980060577393
50.357772827148
50.3532371521
38.370334625244
40.193153381348
50.359336853027
50.355548858643
50.359004974365
50.360977172852
50.364162445068
50.363849639893
50.362907409668
50.364063262939
50.362873077393
50.361129760742
50.363300323486
50.364627838135
50.36417388916
50.3620262146
50.362678527832
50.364517211914
50.360763549805
50.365352630615
50.365802764893
50.363632202148
50.363945007324
50.365230560303
50.363410949707
51.672130584717
51.563316345215
38.356456756592
51.383636474609
49.454879760742
50.364402770996
50.358283996582
50.351451873779
50.375411987305
50.371551513672
50.372974395752
36.719043731689
54.229858398438
54.226581573486
54.232429504395
52.24068069458
53.118404388428
53.128448486328
36.728572845459
43.416179656982
54.25065612793
54.246173858643
54.220108032227
51.158588409424
51.735908508301
52.92419052124
53.095375061035
52.952602386475
52.353370666504
51.412456512451
50.377635955811
51.827747344971
36.730438232422
36.730438232422
54.237434387207
54.233779907227
36.716773986816
52.01016998291
52.221580505371
