66.709007263184
66.252159118652
54.251014709473
54.925136566162
54.91748046875
66.887260437012
67.254341125488
54.935653686523
54.857303619385
54.733947753906
54.248073577881
54.234226226807
54.234226226807
54.232128143311
50.361385345459
50.36011505127
50.374736785889
50.371650695801
50.34880065918
49.678157806396
50.375259399414
51.414192199707
54.219944000244
50.366886138916
50.36808013916
50.365177154541
50.366752624512
50.366359710693
50.363948822021
50.363304138184
50.364776611328
50.364475250244
50.364311218262
50.364463806152
50.362438201904
50.364391326904
50.365615844727
50.364276885986
50.365573883057
50.363792419434
50.36474609375
50.36483001709
50.364616394043
50.364601135254
50.366748809814
50.366016387939
50.363330841064
50.365413665771
50.365230560303
50.369277954102
50.374324798584
50.374015808105
50.369029998779
50.352733612061
50.359992980957
50.363159179688
50.367012023926
50.362682342529
50.364784240723
50.363857269287
50.36695098877
50.366882324219
50.361034393311
50.366840362549
50.363494873047
50.366962432861
50.365314483643
50.364700317383
50.366840362549
50.360401153564
50.364109039307
50.366241455078
50.3649559021
50.366630554199
50.368003845215
50.367790222168
50.366970062256
50.365081787109
50.365573883057
50.366569519043
50.36693572998
50.367370605469
50.368476867676
50.367427825928
50.368457794189
50.36604309082
50.36616897583
50.367839813232
50.368434906006
50.368648529053
50.367980957031
50.364002227783
50.364990234375
50.367244720459
50.365211486816
50.359462738037
48.741836547852
50.364219665527
50.360649108887
50.365875244141
50.367401123047
50.365043640137
36.725433349609
36.725433349609
36.725433349609
40.186569213867
43.313766479492
43.313766479492
43.313766479492
49.62113571167
47.221771240234
48.719272613525
49.261344909668
50.349723815918
50.361190795898
50.355228424072
50.361236572266
50.362243652344
38.366115570068
47.203651428223
38.360263824463
38.366916656494
38.362533569336
50.362529754639
50.364295959473
50.358547210693
50.357284545898
47.888412475586
50.360149383545
38.359809875488
38.359916687012
38.364292144775
38.356777191162
38.369125366211
50.360633850098
50.361438751221
50.361682891846
49.389621734619
50.366821289062
50.363468170166
50.361225128174
50.359405517578
50.361137390137
50.365280151367
50.36580657959
50.363380432129
50.365055084229
50.360126495361
50.363639831543
50.364921569824
50.362438201904
50.364109039307
50.363819122314
50.36368560791
50.364864349365
50.363677978516
50.365184783936
50.369018554688
50.362941741943
50.36629486084
50.369724273682
50.369785308838
52.414695739746
50.381050109863
36.724575042725
50.370040893555
50.360244750977
50.349277496338
50.362686157227
50.368957519531
38.363479614258
50.369361877441
50.37670135498
54.215843200684
54.222816467285
54.236339569092
54.211360931396
54.22240447998
50.376605987549
54.22248840332
51.727947235107
51.727947235107
54.241680145264
54.237457275391
36.716312408447
50.376083374023
36.722194671631
52.957691192627
52.594356536865
52.438499450684
36.720596313477
52.334506988525
51.676498413086
51.898487091064
51.898487091064
51.898487091064
54.233470916748
54.228946685791
36.720932006836
52.161499023438
52.965602874756
53.130676269531
53.122005462646
52.658031463623
51.670108795166
50.383808135986
50.375377655029
50.375377655029
50.375377655029
51.277572631836
52.120819091797
54.218482971191
36.71753692627
50.372234344482
52.904949188232
54.220336914062
54.213897705078
53.128578186035
52.043685913086
36.725875854492
36.725875854492
36.725875854492
36.725875854492
36.725875854492
36.725875854492
36.725677490234
36.725677490234
36.722175598145
36.718719482422
54.219867706299
53.043922424316
53.018173217773
51.954906463623
51.802131652832
51.802131652832
51.802131652832
51.802131652832
51.802131652832
51.802131652832
51.802131652832
51.802131652832
50.3835105896
50.373336791992
52.204574584961
51.427272796631
51.516738891602
50.382625579834
50.376834869385
50.376834869385
50.376834869385
50.376834869385
50.376834869385
50.376834869385
50.376834869385
50.376834869385
50.375492095947
50.375492095947
50.376811981201
50.370155334473
50.370155334473
50.370155334473
50.370155334473
50.370155334473
50.370155334473
50.370155334473
50.370155334473
50.370155334473
50.370155334473
50.370155334473
50.370155334473
50.370155334473
36.726932525635
36.726932525635
36.726932525635
36.726932525635
36.726932525635
36.726932525635
36.726932525635
36.726932525635
36.726932525635
36.726932525635
36.726932525635
36.726932525635
36.726932525635
36.726932525635
36.726932525635
36.726932525635
36.726932525635
52.277214050293
52.277214050293
52.277214050293
52.277214050293
42.733798980713
42.733798980713
43.081665039062
43.081665039062
43.230850219727
52.887111663818
54.22732925415
43.625919342041
52.179107666016
50.395565032959
50.373481750488
50.366863250732
50.373031616211
50.372608184814
50.370143890381
50.356441497803
50.373321533203
50.375045776367
50.375045776367
51.950035095215
53.311546325684
50.37377166748
50.372249603271
50.365829467773
50.36417388916
50.364799499512
50.367862701416
50.366092681885
50.362361907959
50.363037109375
50.367652893066
50.366058349609
50.368724822998
50.37073135376
50.377407073975
50.366191864014
50.361232757568
50.364814758301
50.362453460693
50.363399505615
50.365032196045
50.365341186523
50.364280700684
50.364219665527
50.365982055664
50.367321014404
50.366306304932
50.367401123047
50.366863250732
50.365173339844
50.365245819092
50.36429977417
50.364990234375
50.364685058594
50.366260528564
50.365009307861
50.365280151367
50.364765167236
50.366134643555
50.365703582764
50.364143371582
50.365871429443
50.365970611572
50.365859985352
50.367065429688
50.363471984863
50.36421585083
50.364864349365
50.362113952637
50.362640380859
50.364742279053
50.365142822266
50.365268707275
50.365257263184
50.366725921631
50.368381500244
50.367210388184
50.366371154785
50.370189666748
50.366134643555
50.366878509521
50.368984222412
50.366779327393
50.367038726807
50.366508483887
50.368881225586
50.367511749268
50.367122650146
50.367443084717
50.367038726807
50.367233276367
50.36442565918
50.366710662842
50.36421585083
50.367034912109
50.367301940918
50.364765167236
50.364475250244
50.365036010742
50.365036010742
50.365310668945
50.364765167236
50.363880157471
50.361682891846
50.363265991211
50.364505767822
50.364356994629
50.363456726074
50.36502456665
50.362632751465
50.361736297607
50.365345001221
50.367080688477
50.365165710449
50.363723754883
50.36408996582
50.367877960205
50.368896484375
50.374404907227
50.370113372803
50.384971618652
50.351989746094
50.359825134277
50.366111755371
50.36402130127
50.364421844482
50.364837646484
50.367141723633
50.36877822876
50.36840057373
50.366973876953
50.372009277344
50.368728637695
50.366157531738
50.365863800049
50.364395141602
50.366485595703
50.366485595703
50.362594604492
50.364013671875
50.36353302002
50.3630027771
50.368167877197
50.364311218262
50.364307403564
50.367935180664
50.366672515869
50.36608505249
50.366580963135
50.366794586182
50.367435455322
50.365909576416
50.369194030762
50.367755889893
50.366516113281
50.367500305176
50.369678497314
50.369190216064
50.366069793701
50.364036560059
50.364612579346
50.364246368408
49.396041870117
49.336349487305
49.031200408936
49.208572387695
50.36283493042
50.364044189453
49.453277587891
50.36385345459
50.358089447021
50.358089447021
36.722606658936
36.722606658936
36.722606658936
57.474090576172
57.474090576172
50.37230682373
50.367370605469
50.370445251465
48.915481567383
50.362049102783
50.36128616333
50.36222076416
50.365161895752
50.361358642578
48.548461914062
47.203422546387
38.359527587891
38.362846374512
38.359596252441
50.363708496094
50.363761901855
50.365756988525
50.368831634521
50.362873077393
50.364231109619
50.364452362061
38.360706329346
38.360008239746
38.361789703369
38.361789703369
50.35803604126
50.353088378906
50.366287231445
49.039646148682
50.36364364624
50.365474700928
50.363021850586
50.359466552734
50.360359191895
50.363994598389
50.36251449585
50.363265991211
50.362644195557
50.361270904541
50.363391876221
50.365261077881
50.364582061768
50.364353179932
50.364562988281
50.363151550293
50.360599517822
50.362403869629
50.363021850586
50.367683410645
50.362277984619
50.365531921387
50.366359710693
50.369960784912
51.186904907227
51.343547821045
50.358661651611
51.935165405273
50.357421875
50.368041992188
50.367813110352
50.368701934814
50.379978179932
50.367874145508
50.375869750977
53.055381774902
54.225357055664
54.236106872559
54.233127593994
52.887489318848
52.510070800781
54.213779449463
53.039627075195
53.039627075195
54.24153137207
54.242309570312
54.225471496582
52.536811828613
51.555854797363
52.760871887207
53.154434204102
52.991859436035
52.344890594482
36.724338531494
50.381080627441
50.381080627441
36.725406646729
36.725406646729
54.230091094971
54.229652404785
36.720848083496
36.723320007324
36.721683502197
52.983955383301
53.058849334717
54.218273162842
52.51350402832
50.370239257812
36.726219177246
36.726219177246
36.726219177246
36.726219177246
36.726219177246
36.726219177246
36.725154876709
36.724243164062
51.624034881592
52.626693725586
52.714935302734
52.79362487793
52.123485565186
50.378952026367
50.378952026367
50.378952026367
50.378952026367
50.378952026367
50.378952026367
50.378952026367
51.735328674316
50.378952026367
50.376922607422
52.573356628418
36.718967437744
52.961566925049
36.722793579102
36.722793579102
36.722793579102
36.722793579102
36.722793579102
36.722793579102
36.722793579102
51.370162963867
51.370162963867
51.376762390137
50.376487731934
52.463138580322
52.83568572998
52.83568572998
52.83568572998
52.83568572998
52.83568572998
52.83568572998
52.83568572998
52.83568572998
52.83568572998
52.83568572998
52.83568572998
52.83568572998
52.83568572998
52.83568572998
52.83568572998
52.83568572998
52.83568572998
52.83568572998
52.83568572998
52.83568572998
52.83568572998
52.83568572998
52.83568572998
52.83568572998
52.83568572998
54.21720123291
54.241161346436
54.241161346436
54.230766296387
54.228553771973
54.21928024292
54.21928024292
54.21928024292
54.217407226562
52.55281829834
54.228187561035
54.229446411133
54.238658905029
54.238624572754
54.238624572754
54.952651977539
54.220649719238
54.220649719238
54.220649719238
43.198558807373
43.198558807373
43.198558807373
44.535419464111
54.231056213379
52.256156921387
51.482192993164
43.135810852051
52.223583221436
52.374431610107
52.235248565674
52.486801147461
51.88419342041
51.88419342041
51.88419342041
51.88419342041
50.374397277832
52.010559082031
51.213104248047
50.373424530029
50.374706268311
50.372203826904
50.36499786377
54.219295501709
54.227970123291
52.115425109863
50.354652404785
50.361267089844
50.361270904541
50.364368438721
50.372562408447
50.368396759033
50.366989135742
50.361698150635
50.366024017334
50.365322113037
50.362842559814
50.370426177979
50.374977111816
50.363311767578
50.366626739502
50.363319396973
50.366558074951
50.365901947021
50.365451812744
50.365177154541
50.359729766846
50.363296508789
50.363861083984
50.363399505615
50.363430023193
50.365760803223
50.366004943848
50.363193511963
50.362510681152
50.365692138672
50.36340713501
50.36360168457
50.364906311035
50.365528106689
50.364723205566
50.364482879639
50.36515045166
50.365905761719
50.365844726562
50.365818023682
50.365356445312
50.366188049316
50.366764068604
50.365612030029
50.3635597229
50.36487197876
50.365665435791
50.363834381104
50.366554260254
50.365852355957
50.366722106934
50.366157531738
50.365585327148
50.364379882812
50.365875244141
50.365703582764
50.36990737915
50.365715026855
50.368659973145
50.367652893066
50.365818023682
50.365131378174
50.365074157715
50.366607666016
50.368621826172
50.362865447998
50.365699768066
50.365802764893
50.366550445557
50.366096496582
50.367961883545
50.365180969238
50.366790771484
50.366428375244
50.36536026001
50.364376068115
50.365184783936
50.366641998291
50.364810943604
50.365936279297
50.365753173828
50.364158630371
50.364677429199
50.363861083984
50.364803314209
50.364818572998
50.364208221436
50.36735534668
50.364475250244
50.363479614258
50.366317749023
50.364974975586
50.36128616333
50.363967895508
50.368106842041
50.368431091309
50.374420166016
50.375663757324
50.378040313721
50.351760864258
50.356647491455
50.361125946045
50.364635467529
50.367218017578
50.362857818604
50.366554260254
50.365665435791
50.368984222412
50.367416381836
50.364227294922
50.371517181396
50.365615844727
50.367298126221
50.364208221436
50.365333557129
50.36775970459
50.36510848999
50.365882873535
50.36510848999
50.366256713867
50.367248535156
50.367156982422
50.36275100708
50.365119934082
50.365558624268
50.367351531982
50.367347717285
50.364276885986
50.368305206299
50.362312316895
50.361610412598
50.365730285645
50.364154815674
50.365200042725
50.367771148682
50.369087219238
50.367183685303
50.366901397705
50.366802215576
50.368492126465
50.369739532471
50.364391326904
50.368183135986
50.367084503174
50.373718261719
50.370761871338
50.366249084473
50.369552612305
38.359375
36.722846984863
36.721828460693
36.721828460693
40.183952331543
40.186508178711
40.186508178711
49.596366882324
49.596366882324
49.554626464844
49.000736236572
48.923851013184
50.359409332275
50.354911804199
50.362007141113
50.360687255859
38.370761871338
49.316337585449
38.364917755127
38.361000061035
47.199775695801
48.33186340332
47.214912414551
50.35669708252
50.360752105713
49.336097717285
50.360931396484
50.355033874512
38.357849121094
38.360908508301
38.367401123047
38.366744995117
50.359539031982
50.35412979126
50.364292144775
38.366218566895
38.366390228271
50.367240905762
50.363677978516
50.35657119751
50.362663269043
50.362014770508
50.364650726318
50.365287780762
50.363594055176
50.363605499268
50.362579345703
50.362449645996
50.364589691162
50.364654541016
50.36323928833
50.363330841064
50.36344909668
50.362739562988
50.365425109863
50.370639801025
50.364326477051
50.36296081543
50.36759185791
50.366554260254
51.740936279297
51.272693634033
36.725242614746
50.378406524658
49.079639434814
50.357719421387
50.354862213135
50.361461639404
50.371086120605
36.724067687988
50.377006530762
36.71900177002
54.229331970215
54.232425689697
54.225879669189
53.162872314453
52.600296020508
54.209331512451
52.841331481934
52.841331481934
54.240367889404
54.782249450684
54.219261169434
36.717937469482
50.377670288086
52.815322875977
52.912956237793
52.964622497559
52.498023986816
51.41423034668
51.762435913086
51.838153839111
51.838153839111
51.838153839111
54.214580535889
54.229747772217
52.883804321289
52.06929397583
52.218864440918
52.523506164551
53.114608764648
52.986957550049
36.721954345703
36.724628448486
50.377384185791
50.377384185791
50.377384185791
50.377384185791
50.377384185791
50.377384185791
36.71996307373
50.382797241211
52.10684967041
52.949607849121
54.213893890381
53.037368774414
52.392127990723
51.244358062744
38.359718322754
38.359718322754
38.359718322754
38.359718322754
38.359718322754
38.359718322754
36.726482391357
50.372749328613
50.372749328613
52.300952911377
52.486343383789
51.716957092285
52.108310699463
51.803745269775
51.803745269775
51.803745269775
51.803745269775
51.803745269775
51.803745269775
51.803745269775
52.462585449219
52.511238098145
51.411243438721
36.718688964844
53.03882598877
43.359703063965
43.359703063965
43.359703063965
43.359703063965
43.359703063965
43.359703063965
43.359703063965
43.359703063965
43.359703063965
44.540477752686
44.547233581543
44.547233581543
44.547233581543
36.712509155273
52.120670318604
51.806900024414
51.697048187256
51.697048187256
51.697048187256
51.697048187256
54.2353515625
54.2353515625
54.234088897705
54.240928649902
54.242042541504
54.914329528809
54.893028259277
54.230308532715
54.225246429443
54.2119140625
37.698955535889
37.698955535889
52.595664978027
55.367839813232
54.239158630371
54.237495422363
54.242923736572
54.243640899658
54.72057723999
54.807811737061
54.226070404053
54.227909088135
52.795490264893
52.095962524414
50.389240264893
51.502540588379
52.409301757812
54.232364654541
44.542324066162
43.719676971436
43.012222290039
43.012222290039
52.251583099365
42.23620223999
43.285484313965
51.666213989258
51.666213989258
50.378871917725
50.365802764893
50.3759765625
51.79553604126
50.375095367432
50.368423461914
50.362392425537
50.372875213623
50.376914978027
50.377269744873
54.218780517578
54.201183319092
50.351745605469
50.364547729492
50.364891052246
50.36251449585
50.365653991699
50.371234893799
50.367404937744
50.362476348877
50.365211486816
50.365573883057
50.367553710938
50.375534057617
50.376468658447
50.370735168457
50.360710144043
50.363842010498
50.362167358398
50.365791320801
50.368385314941
50.364738464355
50.365489959717
50.366760253906
50.366374969482
50.365261077881
50.364624023438
50.366882324219
50.363964080811
50.361892700195
50.363536834717
50.364692687988
50.363418579102
50.363021850586
50.363632202148
50.363258361816
50.364894866943
50.364379882812
50.363292694092
50.364093780518
50.362934112549
50.366813659668
50.365905761719
50.365283966064
50.364894866943
50.364635467529
50.363578796387
50.365154266357
50.365833282471
50.363838195801
50.365337371826
50.36795425415
50.367576599121
50.366279602051
50.367748260498
50.366966247559
50.366550445557
50.365123748779
50.369327545166
50.366733551025
50.367092132568
50.367988586426
50.367267608643
50.365844726562
50.364471435547
50.367092132568
50.36841583252
50.365592956543
50.365345001221
50.365245819092
50.36682510376
50.365161895752
50.366199493408
50.364547729492
50.365535736084
50.36381149292
50.364067077637
50.363842010498
50.363380432129
50.363021850586
50.365253448486
50.36389541626
50.365226745605
50.363567352295
50.363143920898
50.36510848999
50.366218566895
50.364288330078
50.364818572998
50.36706161499
50.36604309082
50.365283966064
50.365962982178
50.364765167236
50.365478515625
50.359722137451
50.365116119385
50.365779876709
50.369979858398
50.37228012085
50.377246856689
50.354644775391
50.35689163208
50.36389541626
50.361064910889
50.364109039307
50.36351776123
50.362979888916
50.364841461182
50.362983703613
50.360870361328
50.369735717773
50.370128631592
50.3688621521
50.367816925049
50.361797332764
50.365104675293
50.363067626953
50.364887237549
50.364845275879
50.36637878418
50.366737365723
50.367057800293
50.369071960449
50.367488861084
50.369289398193
50.366851806641
50.366504669189
50.367004394531
50.366653442383
50.368057250977
50.369209289551
50.368663787842
50.365657806396
50.364505767822
50.365859985352
50.365203857422
50.364696502686
50.36247253418
50.363994598389
50.36510848999
50.366916656494
50.358909606934
50.357833862305
49.352100372314
50.361965179443
50.362697601318
50.364475250244
50.363483428955
50.369327545166
50.364643096924
47.198616027832
36.723320007324
36.720573425293
42.235122680664
46.650379180908
46.650379180908
47.195056915283
46.79231262207
50.365180969238
38.369960784912
50.367450714111
50.357582092285
50.362205505371
50.364547729492
50.366592407227
50.36340713501
38.363471984863
38.363945007324
37.926788330078
38.362285614014
38.366786956787
38.372276306152
50.364009857178
50.359802246094
50.355197906494
50.36393737793
50.361728668213
38.362510681152
38.368103027344
50.361682891846
37.897678375244
49.199108123779
50.362770080566
50.362041473389
48.801807403564
38.372043609619
50.371574401855
50.366474151611
50.36255645752
50.365428924561
50.360408782959
50.365940093994
50.365203857422
50.362785339355
50.363544464111
50.364250183105
50.36302947998
50.364162445068
50.364025115967
50.365608215332
50.366989135742
50.36837387085
50.366775512695
50.366455078125
50.365936279297
50.367679595947
50.366931915283
50.368701934814
50.367694854736
50.376148223877
36.720783233643
50.370178222656
51.897972106934
38.371112823486
50.36056137085
50.363628387451
50.3694190979
50.372341156006
50.354827880859
50.370338439941
53.086879730225
54.227062225342
54.22339630127
54.233322143555
36.717388153076
36.718795776367
54.214828491211
36.728073120117
43.219806671143
54.24146270752
54.245182037354
54.226905822754
52.134757995605
51.251350402832
52.809310913086
54.220306396484
53.096523284912
53.063987731934
52.109588623047
51.580741882324
36.724773406982
36.71997833252
50.369590759277
54.238529205322
54.243213653564
52.795726776123
36.720962524414
50.376518249512
52.519023895264
54.214202880859
54.211330413818
52.706062316895
50.377086639404
50.364185333252
51.700622558594
38.357055664062
38.357055664062
54.235408782959
54.239082336426
52.84171295166
36.721076965332
51.725315093994
52.951251983643
54.213531494141
36.717979431152
36.720584869385
50.382598876953
50.379787445068
51.671890258789
51.671890258789
51.671890258789
54.234283447266
54.234752655029
54.219184875488
52.903038024902
53.132335662842
52.981781005859
52.992908477783
52.704467773438
52.240875244141
50.377075195312
50.371585845947
50.371585845947
50.371585845947
50.371585845947
52.61251449585
54.216045379639
36.713447570801
50.372074127197
36.722183227539
52.241500854492
52.201740264893
50.376068115234
52.158058166504
50.367733001709
50.381500244141
51.425846099854
51.425846099854
51.425846099854
51.785224914551
51.294479370117
50.370220184326
50.370155334473
50.371154785156
52.140342712402
52.383220672607
54.215766906738
52.363269805908
52.282234191895
52.282234191895
52.282234191895
52.282234191895
52.282234191895
52.282234191895
52.282234191895
52.282234191895
50.364116668701
50.372234344482
50.372234344482
50.378890991211
50.379123687744
50.379123687744
51.278335571289
51.278335571289
51.278335571289
51.278335571289
50.379123687744
50.379123687744
50.379123687744
50.379123687744
42.481033325195
36.718902587891
36.714782714844
36.713371276855
36.713371276855
42.932422637939
43.422206878662
43.422206878662
51.409465789795
52.084541320801
52.084541320801
50.912223815918
43.410808563232
43.02587890625
54.231502532959
54.21467590332
54.235488891602
52.15030670166
51.953601837158
51.298572540283
50.369644165039
50.365196228027
50.376167297363
50.37264251709
50.366363525391
50.363861083984
50.368339538574
50.368465423584
50.380268096924
36.716175079346
52.122501373291
50.371227264404
50.362308502197
50.366088867188
50.363986968994
50.363552093506
50.363529205322
50.363094329834
50.36149597168
50.365871429443
50.367099761963
50.362979888916
50.369972229004
50.372554779053
50.377674102783
50.371116638184
50.364612579346
50.365661621094
50.3649559021
50.367057800293
50.365852355957
50.364326477051
50.363285064697
50.367713928223
50.365463256836
50.367118835449
50.367233276367
50.36742401123
50.36270904541
50.365669250488
50.366821289062
50.365383148193
50.36421585083
50.365184783936
50.363494873047
50.362632751465
50.36222076416
50.364738464355
50.364189147949
50.363609313965
50.365051269531
50.365676879883
50.365013122559
50.36616897583
50.364025115967
50.364646911621
50.363014221191
50.363742828369
50.364292144775
50.365409851074
50.369106292725
50.36669921875
50.365833282471
50.36784362793
50.369304656982
50.366008758545
50.365119934082
50.368240356445
50.366847991943
50.366592407227
50.366992950439
50.368583679199
50.365604400635
50.364570617676
50.36633682251
50.368885040283
50.366165161133
50.366943359375
50.366905212402
50.364887237549
50.36483001709
