
50.371452331543
48.927265167236
35.211647033691
50.375129699707
50.373210906982
35.206420898438
50.371681213379
48.72513961792
49.253189086914
49.292778015137
35.215740203857
35.215740203857
50.373424530029
52.437606811523
52.159454345703
50.374401092529
35.208740234375
48.106281280518
50.375011444092
51.316795349121
50.372673034668
50.372459411621
48.836318969727
48.226989746094
35.212085723877
35.212085723877
35.212085723877
35.212085723877
36.713798522949
50.367031097412
51.560760498047
50.376720428467
48.587795257568
50.364627838135
50.377071380615
50.378273010254
50.378322601318
50.371307373047
35.21117401123
48.701126098633
48.701126098633
48.701126098633
48.701126098633
48.701126098633
48.701126098633
48.701126098633
50.362762451172
50.362762451172
50.366512298584
50.37451171875
50.376258850098
50.373218536377
50.371334075928
50.361839294434
50.361717224121
35.211166381836
35.211166381836
35.211166381836
35.211166381836
35.211166381836
35.211166381836
50.363536834717
50.363536834717
50.365982055664
50.358421325684
35.207618713379
50.375389099121
50.376098632812
50.378448486328
50.364276885986
50.364276885986
50.364276885986
50.364276885986
50.364276885986
50.364276885986
50.364276885986
50.371952056885
50.364276885986
50.364276885986
49.164421081543
49.164421081543
49.164421081543
52.323211669922
52.500339508057
51.818725585938
51.818725585938
51.818725585938
51.818725585938
51.818725585938
51.818725585938
51.818725585938
51.818725585938
51.818725585938
51.732753753662
51.732753753662
51.863265991211
52.28678894043
52.875282287598
52.535598754883
52.7421875
52.7421875
52.7421875
52.7421875
52.7421875
52.535598754883
52.487911224365
51.23258972168
51.902660369873
52.3805809021
52.81209564209
52.958911895752
52.972045898438
52.997779846191
51.581100463867
53.35279083252
53.35279083252
53.095901489258
40.205326080322
40.205326080322
50.368385314941
53.011302947998
52.289611816406
51.513694763184
50.368839263916
52.442012786865
52.168224334717
51.393020629883
51.804180145264
51.846866607666
51.639957427979
50.378902435303
50.35481262207
48.66641998291
48.315391540527
48.245323181152
35.212333679199
48.599044799805
47.219997406006
48.139659881592
49.140357971191
49.220478057861
51.572166442871
50.370552062988
52.061748504639
52.061748504639
48.396003723145
48.127830505371
48.152587890625
48.08381652832
47.996265411377
48.198131561279
48.11979675293
48.220069885254
48.162208557129
47.973709106445
48.407146453857
48.045059204102
48.571235656738
48.690803527832
35.217330932617
48.368648529053
48.00524520874
48.02420425415
47.21891784668
48.077621459961
48.30936050415
48.29577255249
48.025932312012
48.156322479248
48.101081848145
47.951160430908
48.142150878906
47.220111846924
48.2109375
48.246711730957
48.1169090271
47.992378234863
47.219169616699
47.221836090088
47.218902587891
48.075763702393
48.053863525391
47.932529449463
48.06803894043
47.219501495361
48.055023193359
48.004028320312
47.932033538818
48.071624755859
48.101890563965
48.123916625977
47.966567993164
48.04967880249
48.121543884277
47.221000671387
48.021827697754
48.099189758301
48.010795593262
47.956386566162
47.970413208008
48.204055786133
48.453151702881
48.207004547119
48.1028175354
48.158164978027
48.096691131592
48.093414306641
48.196773529053
48.596096038818
48.254188537598
48.279933929443
48.310947418213
48.24439239502
48.25260925293
47.99490737915
48.184638977051
48.292335510254
48.336418151855
48.245567321777
48.142223358154
48.06498336792
48.158264160156
48.110363006592
48.126403808594
48.243434906006
48.008716583252
48.234992980957
48.125244140625
48.134357452393
48.026100158691
47.981586456299
48.098304748535
48.21603012085
48.071353912354
47.953903198242
48.089744567871
47.985984802246
47.939254760742
48.102424621582
48.060585021973
48.171497344971
48.037998199463
48.094150543213
48.194946289062
48.11003112793
48.015571594238
48.29328918457
48.14714050293
48.129779815674
48.075782775879
48.154331207275
48.310329437256
48.335929870605
48.475078582764
48.560176849365
48.662940979004
48.204475402832
47.983421325684
48.05196762085
48.037532806396
48.1487159729
48.130973815918
48.173152923584
48.185317993164
48.172222137451
48.420917510986
48.266887664795
48.35232925415
48.384887695312
48.438190460205
48.240085601807
48.333854675293
47.96989440918
48.080215454102
48.145206451416
48.075782775879
48.064464569092
48.035465240479
48.027656555176
48.110107421875
48.148235321045
47.993648529053
48.361396789551
48.253070831299
47.915473937988
48.059875488281
48.14107131958
48.113342285156
48.148616790771
48.268409729004
48.198394775391
48.446182250977
48.255157470703
48.064018249512
48.061611175537
48.209949493408
48.267669677734
48.335681915283
47.950531005859
47.979736328125
48.150856018066
48.049461364746
48.051074981689
47.215232849121
47.2184715271
47.210109710693
47.21671295166
47.215435028076
47.218448638916
47.215320587158
48.22583770752
48.144378662109
44.539619445801
35.215194702148
35.214469909668
35.214469909668
37.984401702881
55.08699798584
44.554775238037
44.554775238037
45.250812530518
45.245742797852
47.935932159424
36.719760894775
47.217086791992
47.220809936523
47.216773986816
48.122222900391
48.158760070801
47.219058990479
47.212707519531
36.710922241211
36.70983505249
38.357002258301
36.01823425293
36.713386535645
45.232913970947
47.218955993652
47.217990875244
47.216938018799
36.71040725708
48.140277862549
48.010238647461
43.738479614258
43.738479614258
48.001205444336
36.060665130615
44.548690795898
48.039585113525
48.000549316406
48.105812072754
47.210121154785
36.72021484375
47.912811279297
47.928775787354
47.222011566162
48.030471801758
47.973342895508
48.062141418457
47.217884063721
47.964664459229
48.090625762939
47.220790863037
47.220314025879
47.917072296143
48.0725440979
48.05407333374
47.218761444092
47.96216583252
47.218521118164
48.096530914307
48.027961730957
48.168113708496
47.223854064941
48.043003082275
47.218292236328
47.916530609131
47.968769073486
48.578205108643
50.364852905273
48.501777648926
48.650131225586
48.200183868408
36.721252441406
47.217613220215
47.223289489746
48.28205871582
48.548530578613
48.989761352539
48.54328918457
48.741191864014
50.368797302246
51.950660705566
51.85436630249
52.252983093262
51.617305755615
50.369621276855
50.373229980469
50.375358581543
35.214061737061
35.214061737061
52.549175262451
52.779747009277
52.233581542969
51.514617919922
50.367347717285
49.47310256958
50.373142242432
50.385166168213
50.377391815186
50.369945526123
35.210144042969
48.870796203613
48.371551513672
35.209609985352
35.214000701904
35.214000701904
52.364242553711
52.616989135742
35.208084106445
50.369293212891
48.711273193359
50.373523712158
50.369594573975
50.372673034668
50.37580871582
49.279029846191
48.673816680908
50.365264892578
50.363758087158
50.363758087158
50.363758087158
50.363758087158
52.214393615723
51.964740753174
35.207580566406
50.368255615234
49.376010894775
50.376808166504
51.395538330078
50.373435974121
50.371730804443
50.364860534668
48.185104370117
50.361339569092
50.361339569092
50.361339569092
50.361339569092
50.361339569092
50.361339569092
50.37483215332
35.20866394043
49.470096588135
35.207191467285
50.375419616699
50.372131347656
50.373149871826
50.368980407715
35.216442108154
35.214237213135
35.214057922363
35.214057922363
35.214057922363
35.214057922363
50.361618041992
50.36661529541
51.525749206543
51.312278747559
49.414157867432
50.367126464844
50.377391815186
50.376731872559
51.250225067139
50.375301361084
35.206466674805
35.206466674805
35.206466674805
35.206466674805
35.206466674805
35.206466674805
50.371097564697
50.371097564697
50.3717918396
50.3717918396
50.3717918396
50.370861053467
52.040473937988
52.505828857422
52.204608917236
51.643497467041
51.643497467041
51.643497467041
51.643497467041
51.643497467041
51.643497467041
51.643497467041
51.643497467041
52.215106964111
52.215106964111
51.849617004395
52.555355072021
52.830085754395
52.830085754395
52.760807037354
52.760807037354
52.760807037354
52.760807037354
52.760807037354
52.760807037354
52.760807037354
51.86217880249
51.86217880249
51.86217880249
52.497840881348
52.846565246582
52.65202331543
52.833843231201
52.193794250488
54.214488983154
54.216884613037
53.067100524902
52.765151977539
52.765151977539
42.245010375977
50.378143310547
52.642692565918
52.025444030762
42.230712890625
52.245048522949
51.625217437744
51.321388244629
51.81555557251
52.097831726074
51.581298828125
50.379371643066
50.356994628906
48.581230163574
48.257457733154
48.393260955811
48.737228393555
48.733860015869
48.462196350098
48.295055389404
48.429500579834
35.212787628174
48.378849029541
50.371627807617
52.175491333008
52.038146972656
52.161323547363
48.438888549805
48.064479827881
47.22611618042
48.074607849121
48.556842803955
48.658050537109
48.350105285645
48.188339233398
48.022483825684
48.733039855957
48.074375152588
48.368892669678
48.738807678223
48.73503112793
48.472587585449
48.194438934326
