69.0
69.0
69.0
69.0
69.0
69.0
69.0
69.0
69.0
69.0
69.0
69.0
69.0
53.043804168701
52.93285369873
53.007495880127
52.977336883545
52.991584777832
53.056583404541
53.049133300781
52.962127685547
53.067226409912
53.024837493896
53.055778503418
53.031105041504
53.023910522461
53.002414703369
53.069171905518
52.998668670654
52.990020751953
53.050964355469
53.078109741211
52.985626220703
53.003803253174
53.0185546875
52.933044433594
52.933544158936
53.010292053223
53.024085998535
52.9621925354
52.954490661621
53.087615966797
52.980808258057
52.795135498047
0273
52.993167877197
53.021499633789
53.022933959961
53.053833007812
53.035865783691
52.959293365479
52.954761505127
53.001831054688
52.916526794434
52.889705657959
52.981311798096
53.063804626465
53.038856506348
52.943576812744
53.030559539795
53.061702728271
53.090042114258
53.002513885498
52.833431243896
53.020931243896
53.056671142578
53.009037017822
53.066699981689
53.018852233887
53.053184509277
53.103797912598
53.031715393066
53.0090675354
53.016593933105
52.906436920166
48.942260742188
59.20138168335
48.901988983154
40.935710906982
59.23108291626
59.233791351318
59.227912902832
59.185619354248
60.01696395874
59.236114501953
59.945198059082
59.237594604492
59.995624542236
60.00862121582
59.963432312012
59.883358001709
59.922100067139
59.982402801514
59.988739013672
59.963577270508
59.961532592773
59.957099914551
59.89835357666
59.87890625
59.971435546875
60.000621795654
59.989994049072
59.891262054443
59.964786529541
59.984909057617
59.966526031494
59.233615875244
59.946548461914
59.967014312744
59.964694976807
59.966976165771
59.989902496338
59.984260559082
59.956413269043
59.234661102295
60.019195556641
59.992748260498
59.973098754883
59.946491241455
59.885540008545
59.985076904297
59.981582641602
59.911991119385
59.955520629883
59.939891815186
60.018188476562
59.891048431396
59.873016357422
59.995113372803
60.018135070801
59.987865447998
59.866119384766
59.928070068359
59.982227325439
60.017322540283
59.949287414551
62.735725402832
62.351173400879
47.212085723877
60.946147918701
60.299182891846
62.563255310059
47.191459655762
47.196178436279
47.230033874512
64.599632263184
64.79810333252
64.857406616211
46.244285583496
65.141372680664
65.081985473633
65.031410217285
46.355983734131
64.841529846191
64.928398132324
65.038230895996
65.169143676758
64.927337646484
64.938041687012
64.933044433594
64.988777160645
64.990821838379
65.007499694824
64.912422180176
64.907989501953
65.109977722168
65.092300415039
65.074493408203
65.092147827148
65.092262268066
64.936088562012
64.933036804199
64.998710632324
65.14453125
65.068672180176
65.051307678223
65.064170837402
64.964492797852
64.931686401367
64.922706604004
65.038551330566
65.301216125488
52.722366333008
65.223777770996
65.093811035156
65.063652038574
65.166122436523
64.998352050781
65.025993347168
52.892551422119
52.575561523438
65.228927612305
65.077743530273
65.114074707031
52.582454681396
64.995544433594
65.03067779541
65.141105651855
52.538166046143
65.107620239258
65.071662902832
52.864055633545
52.515647888184
64.313163757324
65.090599060059
65.309356689453
52.566513061523
64.804397583008
65.162178039551
65.065460205078
52.691772460938
60.063896179199
60.021602630615
59.978107452393
59.996299743652
59.233074188232
60.060173034668
60.025821685791
59.961170196533
59.92463684082
59.996387481689
59.985416412354
59.983016967773
59.234497070312
60.005912780762
59.985916137695
59.949886322021
59.233455657959
60.026458740234
59.963638305664
59.976886749268
59.947540283203
59.971176147461
59.955360412598
59.996635437012
59.862232208252
59.987438201904
59.928874969482
59.961193084717
59.982063293457
59.999305725098
60.000396728516
59.956493377686
59.897125244141
59.947765350342
60.007755279541
59.987258911133
59.935699462891
59.974277496338
59.937335968018
59.966049194336
59.232116699219
52.932228088379
52.934295654297
53.06702041626
54.216941833496
53.016555786133
53.071273803711
53.035381317139
52.858703613281
53.02481842041
52.979293823242
52.976955413818
52.978507995605
53.017971038818
52.990592956543
53.071136474609
52.975936889648
53.040390014648
52.924800872803
52.976169586182
53.010673522949
53.002155303955
52.978065490723
53.045303344727
53.061218261719
53.022403717041
53.113746643066
53.020538330078
52.957244873047
53.08842086792
53.026485443115
53.030990600586
53.034088134766
53.03426361084
52.909599304199
53.01488494873
52.907524108887
52.960384368896
52.935241699219
53.070461273193
52.916515350342
58.418399810791
59.227165222168
59.194034576416
52.638679504395
52.967460632324
52.887748718262
53.008373260498
54.229625701904
54.878356933594
54.253578186035
54.214622497559
52.859832763672
52.988719940186
53.05651473999
54.228412628174
54.221965789795
54.211391448975
67.057235717773
67.037841796875
54.876926422119
67.033256530762
67.068466186523
54.743858337402
66.923141479492
66.933708190918
66.872116088867
66.945808410645
67.025901794434
67.008514404297
66.951675415039
67.043487548828
66.941802978516
66.956954956055
67.008140563965
66.962341308594
66.995567321777
66.96809387207
66.966751098633
66.869338989258
67.014579772949
66.957290649414
66.947875976562
66.993797302246
66.996948242188
66.90673828125
66.969970703125
66.97314453125
66.942527770996
66.975082397461
67.015350341797
66.954925537109
67.02555847168
67.000946044922
66.966163635254
67.009010314941
66.991767883301
66.936553955078
66.955009460449
67.016441345215
66.980323791504
66.969390869141
66.993209838867
66.986686706543
67.040092468262
66.939117431641
66.980819702148
67.084663391113
66.713600158691
66.97859954834
67.097999572754
55.019359588623
66.986305236816
67.012313842773
68.841285705566
68.910522460938
68.834815979004
68.823593139648
68.790077209473
68.304702758789
68.529373168945
68.56217956543
68.372917175293
68.365341186523
68.377922058105
68.365707397461
68.973709106445
68.967514038086
68.894645690918
68.937942504883
68.948364257812
68.921142578125
68.811340332031
68.926742553711
68.838752746582
68.950759887695
68.97566986084
68.978988647461
69.015907287598
69.031646728516
68.962043762207
68.99462890625
69.030059814453
69.015953063965
69.028358459473
68.989799499512
68.996246337891
69.005096435547
68.994674682617
69.018821716309
69.014457702637
69.064071655273
69.02205657959
69.049301147461
69.196235656738
69.054756164551
69.08479309082
70.84886932373
70.975326538086
70.93741607666
70.88597869873
70.629234313965
70.503524780273
70.653602600098
70.924430847168
70.919372558594
70.975463867188
70.993278503418
70.700561523438
70.948997497559
71.049621582031
71.037399291992
70.984252929688
71.018455505371
71.013305664062
70.962265014648
71.020919799805
71.056549072266
71.029365539551
70.993835449219
71.062042236328
71.050094604492
70.994682312012
70.960548400879
71.029182434082
71.046043395996
71.04621887207
71.11669921875
71.089393615723
71.059944152832
71.017333984375
51.990104675293
71.077278137207
71.191314697266
52.165592193604
71.007194519043
71.046432495117
70.581420898438
71.21590423584
71.092155456543
71.007881164551
71.041282653809
51.975185394287
71.174629211426
71.326705932617
71.006881713867
70.981582641602
71.12939453125
70.747604370117
71.051155090332
71.106864929199
71.150451660156
71.062759399414
71.14542388916
71.022552490234
71.031883239746
71.043243408203
70.971702575684
71.12491607666
71.047798156738
71.037628173828
71.033226013184
71.174705505371
71.007690429688
71.047264099121
71.099716186523
71.266555786133
71.192398071289
71.160202026367
71.328758239746
71.200523376465
71.801834106445
71.946975708008
72.111785888672
72.090049743652
72.127151489258
72.187797546387
72.10237121582
72.381896972656
48.081665039062
72.095924377441
72.312835693359
72.030342102051
72.200836181641
72.202728271484
72.084144592285
72.17399597168
72.282669067383
72.086059570312
72.162132263184
72.244178771973
72.055618286133
72.14461517334
72.16967010498
72.087280273438
72.17951965332
48.040622711182
72.11043548584
72.31364440918
48.136943817139
72.048072814941
72.183113098145
47.992294311523
72.08325958252
72.462608337402
48.223350524902
72.064231872559
72.283935546875
71.881492614746
72.142204284668
72.181747436523
73.899375915527
73.986541748047
73.894195556641
73.166679382324
73.96549987793
73.970352172852
73.966743469238
73.95068359375
73.947860717773
74.012191772461
73.975486755371
73.977569580078
73.984710693359
73.986427307129
74.048583984375
73.994827270508
74.008003234863
74.023239135742
74.001525878906
73.987762451172
73.971702575684
73.987785339355
73.986083984375
73.999946594238
74.129211425781
74.033660888672
74.008911132812
74.002426147461
73.97233581543
73.996742248535
74.06372833252
74.142845153809
74.228668212891
74.236030578613
74.091384887695
74.004096984863
74.007789611816
73.983268737793
73.996627807617
74.178497314453
74.014427185059
73.978324890137
73.993721008301
75.248237609863
74.650390625
75.375938415527
75.728256225586
74.921691894531
75.736663818359
75.815559387207
75.918785095215
75.642044067383
75.556694030762
75.345985412598
75.806015014648
75.533302307129
75.803009033203
75.888542175293
75.849578857422
75.999984741211
75.979202270508
75.936988830566
75.968788146973
75.99488067627
75.996879577637
75.96883392334
75.957008361816
75.934959411621
75.974479675293
75.970504760742
75.974586486816
75.980827331543
76.047576904297
75.995597839355
76.347244262695
76.007431030273
75.980323791504
75.976470947266
75.955535888672
76.015296936035
76.050872802734
75.99927520752
76.000785827637
75.995819091797
76.01838684082
76.046463012695
76.288597106934
76.048248291016
76.039329528809
76.425491333008
76.57706451416
76.258811950684
76.689979553223
76.59211730957
76.138465881348
76.31485748291
76.531280517578
77.006927490234
76.834289550781
76.450714111328
76.930397033691
76.890617370605
76.491752624512
76.743667602539
76.909858703613
76.969871520996
76.875511169434
76.991363525391
77.027976989746
76.964263916016
76.659507751465
76.981498718262
76.952033996582
76.961318969727
77.080230712891
77.029762268066
77.06063079834
77.143058776855
76.992645263672
77.108863830566
77.034309387207
77.004417419434
76.968276977539
77.008926391602
76.959564208984
77.007392883301
77.011665344238
76.989707946777
77.020233154297
76.957672119141
76.954750061035
76.995635986328
76.941093444824
76.928993225098
76.974258422852
77.038543701172
76.999137878418
78.145355224609
77.303398132324
77.149345397949
78.808471679688
77.79711151123
78.251815795898
78.335899353027
77.407218933105
78.264175415039
78.759132385254
79.009666442871
78.89387512207
78.31665802002
78.968727111816
79.039520263672
78.790687561035
78.869255065918
78.976020812988
78.964546203613
78.656379699707
78.813636779785
78.977294921875
78.933090209961
77.137008666992
78.126258850098
79.024932861328
77.052337646484
77.544937133789
78.130836486816
78.294036865234
78.189712524414
77.600852966309
78.336303710938
77.255409240723
78.53002166748
78.97119140625
78.801628112793
78.791404724121
78.904792785645
78.208183288574
78.911430358887
78.985046386719
78.968421936035
79.003913879395
79.045387268066
78.989601135254
78.985145568848
78.970603942871
78.990142822266
78.994857788086
78.31470489502
78.914855957031
78.999237060547
78.994972229004
79.000907897949
79.003463745117
78.984031677246
78.999237060547
78.993522644043
79.036697387695
79.047988891602
79.018783569336
78.995155334473
78.991065979004
78.999008178711
78.988288879395
78.97046661377
78.952842712402
78.990547180176
78.985717773438
79.055839538574
78.991508483887
78.985511779785
79.024612426758
79.089225769043
79.600425720215
80.547035217285
79.177711486816
79.196464538574
80.063606262207
80.841728210449
80.748146057129
80.591659545898
81.009460449219
80.648025512695
80.588973999023
80.988555908203
80.913352966309
80.854598999023
80.93936920166
80.927131652832
80.974868774414
80.956962585449
80.995956420898
80.87393951416
80.738929748535
81.012985229492
80.986511230469
80.968788146973
81.01530456543
81.045082092285
80.98348236084
80.983657836914
80.965156555176
80.973968505859
80.948829650879
80.96565246582
80.988212585449
81.02116394043
80.974838256836
80.988838195801
80.980262756348
80.979553222656
81.01927947998
80.990112304688
81.015464782715
81.023445129395
80.942764282227
80.971565246582
80.984359741211
81.007865905762
81.031723022461
80.98169708252
81.031921386719
80.978019714355
80.976333618164
80.939346313477
82.603034973145
82.46533203125
81.207794189453
81.239166259766
82.864715576172
82.785087585449
82.890113830566
82.853256225586
82.825874328613
82.960357666016
82.962287902832
82.811531066895
82.970924377441
82.985824584961
82.951110839844
82.964241027832
82.949661254883
82.980194091797
83.000068664551
82.973937988281
82.977760314941
82.969352722168
82.97917175293
82.994468688965
82.995796203613
82.948974609375
82.990394592285
82.934631347656
82.97989654541
82.973274230957
82.97607421875
83.006927490234
82.962097167969
82.929870605469
82.983108520508
82.964874267578
82.980194091797
82.982818603516
82.982696533203
83.034027099609
82.979438781738
82.976150512695
82.972061157227
82.987152099609
83.009750366211
82.97437286377
82.954978942871
82.958068847656
82.977569580078
82.981399536133
82.968505859375
82.986419677734
82.980690002441
83.018913269043
82.976303100586
82.994735717773
83.904495239258
83.50659942627
83.118026733398
83.736183166504
83.94588470459
83.98363494873
83.955268859863
83.728507995605
83.914024353027
83.972839355469
83.967666625977
83.985404968262
83.987785339355
83.871307373047
83.981964111328
83.984382629395
83.953948974609
83.970512390137
83.938400268555
83.973991394043
83.96516418457
83.990753173828
84.001991271973
84.043647766113
83.994094848633
83.99048614502
83.96549987793
83.987846374512
83.983917236328
84.006256103516
83.963569641113
84.022193908691
83.99764251709
83.982643127441
83.977569580078
83.974235534668
83.993064880371
84.044052124023
83.974990844727
83.975250244141
84.048400878906
84.000282287598
84.251411437988
83.993583679199
83.987747192383
52.969650268555
84.554344177246
85.131233215332
52.94441986084
84.382690429688
52.990196228027
84.410263061523
84.911880493164
84.136093139648
84.528823852539
85.303062438965
84.85221862793
53.036811828613
84.696403503418
53.069412231445
84.799758911133
53.086730957031
84.710380554199
85.061676025391
52.982414245605
52.956466674805
84.151649475098
84.644912719727
84.661392211914
85.675247192383
84.118217468262
84.447143554688
85.393417358398
85.922958374023
85.183616638184
85.517425537109
85.961456298828
85.869552612305
85.912475585938
85.983497619629
85.947479248047
86.021453857422
85.965827941895
85.978797912598
86.028434753418
85.985626220703
86.012397766113
85.951461791992
86.009811401367
85.99137878418
85.992202758789
85.982635498047
85.996887207031
87.888999938965
86.054580688477
86.291481018066
86.546035766602
87.631195068359
87.095657348633
86.691452026367
87.243103027344
87.043884277344
87.950584411621
86.582275390625
86.136222839355
86.448837280273
86.59765625
86.18383026123
86.193786621094
86.053787231445
86.886940002441
85.977043151855
86.135322570801
86.008377075195
86.303161621094
86.011665344238
86.165000915527
86.068374633789
86.45964050293
86.006896972656
86.839370727539
86.063697814941
86.026466369629
85.989204406738
86.01538848877
86.170440673828
86.025527954102
86.060508728027
86.013526916504
86.002983093262
85.926559448242
85.993583679199
86.010124206543
85.971656799316
85.968643188477
87.48560333252
86.981819152832
86.096862792969
87.529304504395
87.804054260254
86.878639221191
86.336799621582
87.762954711914
86.315322875977
86.013633728027
86.032821655273
86.259719848633
86.334808349609
85.966049194336
85.997230529785
86.053993225098
86.596000671387
86.602035522461
86.038795471191
86.015808105469
86.145141601562
87.753234863281
86.637992858887
86.033843994141
86.826141357422
87.807487487793
87.564483642578
87.772766113281
86.323753356934
87.947090148926
87.605415344238
87.968841552734
87.743064880371
87.937126159668
87.715957641602
87.966598510742
87.873756408691
87.940643310547
87.946113586426
87.934494018555
87.969207763672
87.771942138672
87.926414489746
87.932655334473
88.009384155273
88.047035217285
87.933158874512
87.985290527344
87.96467590332
88.038970947266
87.992088317871
87.986557006836
88.011680603027
88.021049499512
87.97469329834
87.999137878418
88.011657714844
88.001457214355
88.016441345215
87.999412536621
76.786079406738
76.261779785156
76.665641784668
88.639823913574
88.854103088379
88.01749420166
76.968803405762
76.712631225586
76.959815979004
88.660400390625
88.867805480957
88.903366088867
88.941558837891
88.859916687012
88.923027038574
88.87996673584
89.005889892578
88.86417388916
88.954177856445
88.979354858398
88.930458068848
88.950973510742
88.967475891113
88.977355957031
88.935028076172
88.984893798828
89.02799987793
88.98600769043
88.994956970215
89.00821685791
88.98819732666
89.022727966309
88.998062133789
89.025054931641
89.021453857422
89.030708312988
89.058700561523
88.986022949219
89.078941345215
88.988136291504
88.964202880859
89.002914428711
89.045555114746
88.995231628418
89.038101196289
89.041145324707
89.035842895508
88.985656738281
89.027275085449
88.978950500488
89.082763671875
88.985580444336
88.973159790039
89.015724182129
89.014663696289
89.040168762207
89.014122009277
89.017532348633
89.040824890137
88.992202758789
88.965522766113
89.003005981445
88.982963562012
90.145408630371
89.00952911377
90.914031982422
90.384010314941
90.447265625
90.037452697754
90.913497924805
90.707748413086
90.825439453125
90.347343444824
90.915084838867
90.749633789062
90.388702392578
90.842224121094
90.82347869873
90.533576965332
90.958984375
90.882095336914
90.89533996582
91.095756530762
91.136840820312
92.93448638916
91.18635559082
91.833106994629
92.98127746582
91.530868530273
92.016189575195
92.892562866211
92.46004486084
91.232475280762
92.382308959961
91.239852905273
91.219245910645
91.935409545898
91.097900390625
91.942977905273
91.072715759277
91.183921813965
92.174842834473
91.017700195312
91.330657958984
91.22533416748
90.978790283203
91.371948242188
91.000297546387
90.971725463867
91.019546508789
90.988136291504
90.967315673828
90.96932220459
90.988342285156
90.979362487793
90.997711181641
90.986549377441
91.010360717773
92.179557800293
91.024703979492
92.276245117188
92.846115112305
91.2431640625
91.719947814941
92.832427978516
91.623886108398
91.094543457031
92.836921691895
91.049491882324
91.040496826172
91.295272827148
91.184928894043
91.053802490234
91.780830383301
91.209663391113
90.995712280273
91.399658203125
91.165565490723
91.010047912598
91.055526733398
91.230285644531
91.072280883789
91.002731323242
91.161834716797
91.000953674316
91.028907775879
90.956230163574
90.979766845703
91.030487060547
90.985237121582
90.974151611328
91.006217956543
90.974494934082
90.931625366211
90.96711730957
90.963607788086
92.70743560791
90.996253967285
91.72322845459
92.609519958496
91.149810791016
92.656051635742
92.676742553711
91.78377532959
92.783256530762
92.847274780273
92.31388092041
92.860618591309
92.447692871094
92.925605773926
92.985687255859
92.624008178711
92.96809387207
92.711944580078
92.880722045898
92.95556640625
92.634841918945
92.96858215332
92.919906616211
92.848045349121
92.978820800781
92.937225341797
92.985725402832
92.98551940918
92.956428527832
92.980842590332
93.002159118652
92.957748413086
92.977035522461
92.978736877441
92.972274780273
92.963035583496
92.965316772461
92.97297668457
92.93879699707
93.023452758789
92.965827941895
92.971122741699
92.986114501953
92.976676940918
92.979118347168
93.041526794434
92.997482299805
92.993049621582
92.953285217285
93.465530395508
93.030448913574
94.783973693848
93.244125366211
93.86254119873
94.948944091797
93.78588104248
94.939514160156
94.977806091309
94.441268920898
94.976371765137
94.842582702637
94.524688720703
94.979881286621
94.831726074219
94.89241027832
95.008087158203
94.707023620605
94.968124389648
94.981803894043
94.929573059082
94.987167358398
94.936431884766
94.974555969238
95.008827209473
94.954246520996
94.977966308594
94.9892578125
94.969039916992
94.987617492676
94.962432861328
94.973533630371
95.022361755371
94.960830688477
94.980850219727
94.986587524414
94.963668823242
95.457580566406
95.087898254395
95.119895935059
95.376815795898
95.617881774902
95.453712463379
95.535675048828
95.382316589355
95.460067749023
95.339057922363
95.698135375977
95.662582397461
95.698631286621
95.455909729004
95.752738952637
95.617706298828
95.608695983887
95.161727905273
95.171722412109
95.092247009277
95.144226074219
95.02513885498
95.032348632812
95.129829406738
95.063415527344
95.019309997559
95.02596282959
94.996856689453
95.041030883789
94.996170043945
95.014892578125
95.043434143066
95.118179321289
95.073852539062
95.17756652832
95.081855773926
95.707595825195
95.662635803223
95.558456420898
95.692420959473
95.364082336426
95.89192199707
95.420417785645
95.907371520996
95.74486541748
95.225708007812
95.99112701416
95.793190002441
95.720672607422
96.013900756836
95.875328063965
95.979278564453
95.984489440918
95.971420288086
97.190216064453
97.184646606445
97.925910949707
97.709548950195
97.84765625
96.969383239746
97.2021484375
96.40064239502
97.285423278809
96.455413818359
96.150863647461
96.820648193359
96.175277709961
96.367401123047
96.013511657715
96.047691345215
96.013298034668
96.089401245117
96.005599975586
96.075103759766
96.084434509277
95.991325378418
96.031829833984
95.992431640625
96.034759521484
96.009078979492
95.986083984375
96.029495239258
95.997329711914
95.986877441406
97.312812805176
97.532783508301
97.638717651367
97.505157470703
97.552200317383
97.333625793457
96.464782714844
96.916023254395
96.811088562012
96.294906616211
96.551086425781
96.394004821777
96.428619384766
96.153480529785
96.255729675293
95.988761901855
96.322074890137
95.985374450684
96.009620666504
95.973052978516
95.98486328125
96.013694763184
95.968048095703
96.00560760498
95.994079589844
95.96630859375
96.030899047852
96.010299682617
95.997573852539
96.012649536133
95.97721862793
95.981185913086
95.968383789062
96.088119506836
96.058319091797
95.983917236328
95.989288330078
95.992263793945
95.970375061035
96.068267822266
96.693717956543
96.941268920898
97.824440002441
97.595642089844
97.969436645508
97.595069885254
97.897613525391
97.844879150391
97.897705078125
97.965866088867
97.834342956543
97.984107971191
97.969955444336
97.979637145996
97.929107666016
97.982864379883
97.986175537109
97.954498291016
97.988822937012
97.957763671875
97.970352172852
98.004669189453
97.955497741699
98.001625061035
97.96102142334
97.995536804199
97.96427154541
97.972984313965
97.954986572266
97.96900177002
97.970367431641
97.927070617676
97.982696533203
97.988952636719
97.987915039062
97.971611022949
98.015686035156
98.00203704834
98.014213562012
98.041549682617
97.994201660156
98.094284057617
98.028007507324
98.074951171875
86.359130859375
98.039497375488
86.251289367676
98.096832275391
86.348754882812
98.201080322266
36.718547821045
47.195011138916
48.90470123291
47.201148986816
47.190643310547
47.194232940674
36.712978363037
48.71541595459
48.84107208252
36.709342956543
36.709342956543
36.715545654297
36.081367492676
47.21203994751
47.971698760986
48.046474456787
47.219802856445
