54.213954925537
54.212711334229
53.096755981445
54.207153320312
53.129135131836
54.210689544678
53.082710266113
53.114646911621
53.0986328125
54.213088989258
53.079578399658
54.213432312012
54.215221405029
54.213806152344
53.083183288574
53.02140045166
53.038688659668
52.780876159668
52.679573059082
52.214305877686
53.026039123535
53.092102050781
53.11727142334
54.215545654297
52.989898681641
40.192581176758
40.19108581543
40.19108581543
43.014053344727
43.014053344727
50.369621276855
52.960262298584
51.95182800293
52.284118652344
53.019371032715
53.06286239624
52.969573974609
52.077728271484
41.152069091797
41.115676879883
42.238224029541
40.961463928223
41.241855621338
52.87850189209
52.778697967529
52.006000518799
53.157569885254
40.799919128418
40.943740844727
50.369106292725
41.133666992188
53.057140350342
53.153202056885
52.141662597656
53.097797393799
53.017955780029
52.868385314941
53.003437042236
52.980663299561
53.090049743652
52.954090118408
52.96102142334
52.759307861328
52.962387084961
53.029541015625
53.010440826416
52.885334014893
53.124435424805
52.987571716309
54.2028465271
54.21150970459
52.928359985352
53.123641967773
54.212593078613
54.227344512939
54.23210144043
54.207332611084
54.226154327393
53.018154144287
53.242645263672
53.336612701416
54.218090057373
54.217323303223
55.865104675293
57.054637908936
57.099773406982
57.142044067383
56.333156585693
56.446681976318
56.560237884521
56.560237884521
57.662590026855
57.491710662842
56.89075088501
54.244144439697
55.990943908691
56.233283996582
56.42671585083
55.572685241699
54.240234375
54.236515045166
54.238761901855
56.310161590576
57.310802459717
56.871505737305
54.992984771729
55.521385192871
56.177074432373
56.183654785156
56.519538879395
54.975929260254
54.233779907227
54.233779907227
54.233779907227
54.914260864258
57.262401580811
56.639701843262
54.849014282227
55.99535369873
56.639392852783
56.511119842529
56.023696899414
54.232040405273
54.242164611816
54.242164611816
54.242164611816
54.242164611816
54.242164611816
54.786594390869
55.736072540283
56.34256362915
56.304302215576
56.378604888916
55.567199707031
54.72492980957
54.72492980957
54.72492980957
54.72492980957
54.72492980957
54.72492980957
54.72492980957
54.229026794434
54.240394592285
55.149662017822
55.923873901367
55.923873901367
55.923873901367
55.923873901367
55.923873901367
55.923873901367
55.585498809814
55.585498809814
54.942485809326
54.942485809326
54.942485809326
54.942485809326
54.942485809326
54.942485809326
54.942485809326
54.942485809326
54.942485809326
54.942485809326
54.942485809326
54.942485809326
54.942485809326
54.942485809326
54.942485809326
54.942485809326
54.942485809326
54.942485809326
54.942485809326
54.942485809326
54.942485809326
54.942485809326
54.942485809326
54.942485809326
55.439605712891
55.439605712891
47.200103759766
47.200103759766
47.200103759766
55.193473815918
55.193473815918
55.192039489746
55.480236053467
54.226959228516
54.225505828857
54.225505828857
55.011878967285
56.044166564941
56.524326324463
55.83712387085
55.83712387085
53.173286437988
54.225917816162
54.225952148438
52.777935028076
53.230197906494
54.215087890625
54.21951675415
56.378555297852
56.990695953369
56.990695953369
54.200981140137
54.200180053711
52.994441986084
54.211696624756
54.205924987793
52.986145019531
54.207118988037
54.211303710938
54.210662841797
54.214172363281
54.216842651367
53.026348114014
52.950981140137
52.989105224609
54.203170776367
53.110233306885
54.208274841309
54.209350585938
54.212810516357
54.209972381592
54.21240234375
54.215534210205
53.034912109375
52.990501403809
52.95972442627
53.026084899902
53.065048217773
52.955406188965
52.961601257324
52.978992462158
53.078056335449
53.023498535156
54.212673187256
53.110664367676
54.20964050293
54.210422515869
52.927814483643
52.975921630859
53.033912658691
52.962306976318
53.127933502197
54.214691162109
54.210166931152
54.210216522217
54.21231842041
53.091888427734
54.213130950928
53.085590362549
54.208862304688
54.211128234863
54.2057762146
53.031543731689
54.213241577148
54.212657928467
53.124904632568
54.209453582764
54.210803985596
54.211601257324
54.211647033691
53.08763885498
54.210308074951
54.210990905762
52.972801208496
52.978286743164
53.08012008667
53.06453704834
53.093101501465
53.024364471436
52.952739715576
53.066429138184
54.203430175781
53.040794372559
53.105743408203
53.120964050293
53.013458251953
54.203578948975
54.206336975098
53.023323059082
54.208446502686
54.210113525391
54.211982727051
54.207420349121
53.678619384766
53.016716003418
53.094509124756
52.964778900146
54.204711914062
54.199897766113
54.207324981689
54.205707550049
54.209854125977
54.210430145264
54.21110534668
54.19962310791
53.183555603027
53.052070617676
54.210559844971
54.209648132324
54.205451965332
53.084419250488
54.210594177246
54.212947845459
54.213787078857
53.072368621826
53.11803817749
54.206996917725
54.210906982422
54.215091705322
54.213722229004
54.214309692383
54.209663391113
54.212341308594
54.214775085449
54.216850280762
54.211757659912
53.0993309021
53.093845367432
52.871292114258
52.637763977051
52.16185760498
52.487895965576
52.999778747559
52.829986572266
53.038955688477
53.018081665039
40.196361541748
40.192226409912
40.199440002441
45.827548980713
45.827548980713
47.199443817139
52.798332214355
52.876461029053
52.276985168457
52.934028625488
52.88557434082
53.075130462646
52.847465515137
52.707572937012
48.760681152344
40.908718109131
40.961708068848
41.13257598877
53.068428039551
52.805572509766
51.705200195312
53.072048187256
53.072048187256
52.351753234863
52.929573059082
52.894496917725
52.939994812012
52.958770751953
52.394039154053
41.108810424805
52.925872802734
52.744529724121
53.052165985107
53.068161010742
53.100994110107
52.910572052002
53.026187896729
52.91219329834
53.00838470459
53.040775299072
53.051231384277
53.014820098877
52.997486114502
53.009742736816
53.109489440918
54.214321136475
52.852241516113
53.034313201904
54.216575622559
54.231628417969
54.223384857178
54.212261199951
54.231727600098
52.748394012451
52.974937438965
54.202751159668
54.217430114746
54.219215393066
54.238750457764
56.314552307129
57.033500671387
57.01974105835
56.583686828613
56.003192901611
56.495918273926
55.689632415771
57.722393035889
57.588687896729
57.069679260254
55.921920776367
55.896556854248
56.438861846924
56.380920410156
55.585563659668
55.20401763916
54.236675262451
40.203090667725
40.203090667725
57.423282623291
57.075675964355
55.164093017578
54.703060150146
55.919532775879
56.229789733887
56.477085113525
55.346935272217
54.235313415527
54.237613677979
54.237613677979
54.238952636719
57.49165725708
56.829414367676
55.37703704834
55.746417999268
56.132919311523
56.179996490479
56.357246398926
54.236740112305
54.238971710205
54.238971710205
54.238971710205
54.238971710205
54.838668823242
56.702369689941
54.974185943604
55.966194152832
56.367336273193
56.364551544189
55.377506256104
54.222393035889
54.22631072998
54.22631072998
54.22631072998
54.22631072998
54.22631072998
54.225425720215
54.219009399414
54.235122680664
55.133644104004
54.242256164551
54.242256164551
54.242256164551
54.242256164551
54.242256164551
54.242256164551
54.242256164551
54.242256164551
54.242256164551
54.22688293457
54.22688293457
54.22688293457
54.22688293457
54.228050231934
54.22046661377
54.22046661377
54.22046661377
54.228050231934
57.004585266113
57.004585266113
57.004585266113
57.004585266113
57.004585266113
57.004585266113
57.004585266113
57.004585266113
55.334800720215
55.845977783203
59.188285827637
57.502090454102
57.442867279053
57.675003051758
57.375621795654
57.79373550415
57.79373550415
57.79373550415
57.79373550415
54.241493225098
54.854007720947
54.878051757812
56.655963897705
54.237537384033
54.227199554443
54.222995758057
54.223480224609
54.75252532959
54.235301971436
54.239295959473
54.2412109375
53.476058959961
54.214141845703
54.227363586426
54.211929321289
53.300750732422
53.509590148926
53.44095993042
54.218070983887
57.033824920654
57.033824920654
54.199600219727
53.425701141357
54.201068878174
54.214988708496
54.204170227051
53.030796051025
54.199005126953
54.201610565186
54.203598022461
54.205631256104
54.204620361328
53.009662628174
53.023010253906
53.000221252441
53.123191833496
53.04670715332
52.988216400146
53.073661804199
54.207679748535
53.014759063721
54.212650299072
54.209449768066
52.988677978516
53.020492553711
52.993118286133
53.031494140625
53.046306610107
52.930164337158
53.054954528809
53.029956817627
52.975872039795
53.036415100098
54.20934677124
54.208362579346
54.209846496582
53.10290145874
52.997291564941
52.965950012207
53.016986846924
52.994110107422
54.212055206299
54.211524963379
53.1139793396
54.21044921875
54.210380554199
52.974601745605
54.214855194092
54.206214904785
54.211006164551
54.213493347168
53.1198387146
53.103332519531
54.208847045898
54.211849212646
54.209804534912
54.209205627441
54.210609436035
53.118041992188
54.210712432861
53.067165374756
54.210929870605
53.069889068604
52.981948852539
53.020374298096
54.210536956787
53.096248626709
53.060302734375
53.01778793335
53.063396453857
53.098876953125
53.057346343994
53.051910400391
54.208362579346
53.062294006348
54.210021972656
54.207954406738
54.207164764404
53.07137298584
54.20775604248
54.207122802734
54.209663391113
54.207206726074
53.274436950684
52.995677947998
54.201229095459
54.204235076904
53.182914733887
53.176044464111
54.203205108643
54.208740234375
54.210029602051
54.212245941162
54.204650878906
53.30424118042
53.074440002441
53.047866821289
54.210258483887
54.206077575684
54.2077293396
54.212074279785
54.213260650635
54.210762023926
54.212882995605
53.044254302979
53.147258758545
53.081813812256
53.067043304443
54.211761474609
54.209163665771
54.215389251709
53.110717773438
53.092464447021
54.215606689453
54.213680267334
53.020328521729
53.067344665527
53.084266662598
52.791194915771
52.725780487061
52.519401550293
53.01233291626
52.963199615479
52.821048736572
53.047130584717
54.217987060547
40.196151733398
40.196151733398
40.196151733398
45.974342346191
45.974342346191
49.243087768555
52.450183868408
52.249084472656
52.806446075439
52.832714080811
52.693813323975
52.992416381836
52.774940490723
52.279182434082
49.178909301758
40.892749786377
40.975421905518
52.744152069092
52.977561950684
52.673801422119
51.882171630859
53.092906951904
52.753913879395
48.156021118164
52.862152099609
41.00707244873
52.920433044434
53.036064147949
52.825923919678
52.795867919922
53.049861907959
52.829307556152
53.034229278564
52.967144012451
53.038425445557
52.885345458984
53.059940338135
53.056613922119
52.948886871338
52.961227416992
53.055992126465
52.981243133545
52.671062469482
52.994876861572
54.205406188965
54.212509155273
52.970916748047
54.212814331055
54.215797424316
54.233310699463
54.218650817871
54.215618133545
54.225959777832
53.021007537842
53.034343719482
54.202541351318
54.211887359619
54.214473724365
56.005695343018
56.861274719238
57.234127044678
57.09525680542
56.296646118164
56.139499664307
57.172119140625
54.240253448486
57.80241394043
57.416297912598
56.960117340088
54.243423461914
55.919586181641
56.443126678467
56.300724029541
55.35387802124
54.866878509521
54.768257141113
54.235019683838
54.235019683838
57.509860992432
56.939853668213
55.448787689209
55.115814208984
56.031814575195
56.231796264648
56.537891387939
54.75511932373
54.720375061035
54.237686157227
54.237686157227
57.287437438965
57.354339599609
56.517097473145
55.035087585449
56.120262145996
56.553062438965
56.460750579834
56.067039489746
54.240417480469
54.227485656738
54.227485656738
54.227485656738
54.853450775146
57.157249450684
56.79426574707
55.053749084473
55.913452148438
56.257747650146
56.12287902832
54.895317077637
54.217964172363
54.217964172363
54.217964172363
54.217964172363
54.221771240234
56.827289581299
56.728824615479
55.718975067139
55.834892272949
56.271469116211
56.573837280273
56.38667678833
56.326900482178
56.326900482178
56.326900482178
55.979961395264
56.26139831543
56.667137145996
56.667137145996
56.667137145996
56.680194854736
57.613910675049
56.545558929443
56.53165435791
55.251029968262
55.251029968262
55.251029968262
54.240879058838
57.148410797119
57.457160949707
57.646549224854
57.820888519287
57.914367675781
57.564826965332
57.613906860352
57.654521942139
57.654521942139
55.842864990234
59.193630218506
57.505729675293
57.797981262207
57.92338180542
57.640293121338
57.959766387939
57.467929840088
58.327655792236
57.746585845947
46.111717224121
54.74006652832
56.027191162109
57.675415039062
57.358238220215
56.929103851318
57.147766113281
56.690734863281
57.038688659668
56.691204071045
56.11266708374
54.21350479126
53.203575134277
54.237739562988
54.234298706055
54.232669830322
54.21216583252
54.214366912842
54.855113983154
57.174488067627
57.379455566406
57.439971923828
52.97338104248
53.123348236084
53.049926757812
54.219081878662
54.208061218262
54.201198577881
54.20637512207
54.206481933594
54.21227645874
54.21711730957
54.21155166626
52.981735229492
52.933410644531
53.09593963623
54.211231231689
54.208969116211
53.085235595703
53.113605499268
54.210929870605
54.206951141357
54.213851928711
54.214664459229
53.041873931885
53.033634185791
52.917045593262
53.034816741943
53.106525421143
52.982582092285
53.025230407715
53.000358581543
53.081764221191
53.005966186523
54.213901519775
53.109844207764
53.098705291748
53.107402801514
52.931869506836
52.984935760498
53.035591125488
52.962429046631
54.210430145264
54.212577819824
54.209526062012
54.208683013916
54.212459564209
54.211727142334
54.215091705322
53.066596984863
54.212249755859
54.210536956787
53.0549659729
53.010440826416
54.209609985352
54.20938873291
54.20756149292
54.209671020508
54.210807800293
54.211112976074
54.210716247559
53.015277862549
54.210922241211
53.082763671875
52.960540771484
53.003597259521
53.102527618408
54.207714080811
53.074787139893
53.014942169189
53.010440826416
53.066383361816
54.204364776611
53.051326751709
53.103469848633
53.073753356934
53.056339263916
54.20743560791
54.208385467529
53.024044036865
54.209037780762
54.208755493164
54.210147857666
54.204837799072
53.385307312012
53.007804870605
53.324089050293
54.203300476074
54.20072555542
53.099906921387
54.206413269043
54.204414367676
54.211212158203
54.212593078613
54.207473754883
54.198879241943
53.040184020996
53.088096618652
54.210884094238
53.079334259033
54.20386505127
53.106517791748
54.211093902588
53.09481048584
54.214767456055
53.08629989624
53.066066741943
54.20548248291
54.210498809814
54.214370727539
53.082695007324
54.211887359619
53.061260223389
54.214977264404
54.216789245605
54.216369628906
54.212577819824
53.094902038574
54.213005065918
52.790336608887
52.613929748535
52.159404754639
52.949462890625
52.923252105713
52.964126586914
53.095924377441
54.203071594238
40.195652008057
40.199516296387
43.06534576416
47.20499420166
49.707675933838
50.362655639648
52.124099731445
52.113552093506
52.706577301025
53.083553314209
53.014045715332
53.074325561523
52.748394012451
52.18318939209
49.105289459229
40.932189941406
40.208404541016
50.366081237793
53.003742218018
52.464317321777
50.369171142578
52.946350097656
53.069297790527
52.876499176025
53.050785064697
40.906879425049
52.889579772949
52.994247436523
52.419368743896
42.235935211182
53.047565460205
52.758186340332
53.054737091064
53.065795898438
52.963851928711
52.981784820557
53.076217651367
53.001098632812
53.012157440186
53.009166717529
53.094459533691
52.9416847229
52.665054321289
52.980255126953
53.102718353271
54.216510772705
52.96809387207
54.21875
54.217056274414
54.234672546387
54.222137451172
54.211845397949
54.232093811035
53.061820983887
52.755218505859
54.206058502197
54.213035583496
54.218700408936
55.404640197754
56.970027923584
57.104907989502
57.088603973389
56.331455230713
56.113315582275
56.113315582275
54.242393493652
57.788558959961
57.52632522583
57.098281860352
55.183025360107
56.065277099609
56.453483581543
56.357181549072
55.481742858887
54.758811950684
54.732021331787
40.189151763916
40.203750610352
57.435592651367
57.019187927246
40.18643951416
55.136657714844
55.912891387939
56.218315124512
56.454250335693
55.215324401855
54.237552642822
54.237274169922
54.237274169922
56.143535614014
57.380420684814
56.536144256592
55.319999694824
55.906257629395
56.560028076172
56.443634033203
56.012035369873
54.229557037354
54.23787689209
54.23787689209
54.23787689209
54.23787689209
57.050296783447
56.589241027832
55.087177276611
55.989841461182
56.218433380127
56.350650787354
55.192512512207
54.227661132812
54.227661132812
54.227661132812
54.227661132812
54.227661132812
54.228694915771
54.228694915771
54.226028442383
54.826965332031
55.295543670654
55.0126953125
54.903995513916
54.903995513916
54.903995513916
54.903995513916
54.903995513916
54.903995513916
54.903995513916
54.903995513916
54.903995513916
54.903995513916
54.903995513916
54.230648040771
54.231472015381
54.229476928711
54.229476928711
54.229476928711
57.02082824707
57.02082824707
57.02082824707
57.02082824707
57.02082824707
57.02082824707
57.02082824707
57.02082824707
57.02082824707
45.629005432129
55.607685089111
57.274742126465
57.461051940918
57.443473815918
57.721687316895
57.367588043213
57.367588043213
57.274307250977
57.274307250977
57.097496032715
54.24458694458
54.24458694458
55.351856231689
56.496242523193
54.238021850586
54.225894927979
54.220516204834
54.237796783447
54.905975341797
54.232959747314
54.236358642578
54.238647460938
53.389892578125
53.369071960449
54.21630859375
53.131469726562
54.198928833008
53.452789306641
54.206535339355
54.218494415283
54.218494415283
54.218494415283
53.600070953369
53.094329833984
54.204357147217
54.213768005371
54.20178604126
53.061275482178
54.200057983398
54.202713012695
54.20609664917
54.209747314453
54.201301574707
53.026206970215
52.983840942383
53.091316223145
54.210819244385
53.060569763184
52.983501434326
53.053787231445
53.067539215088
53.027240753174
53.044761657715
53.078746795654
52.981437683105
53.049854278564
52.981712341309
53.04320526123
53.072654724121
53.008010864258
53.047676086426
53.00630569458
53.015678405762
52.965347290039
54.207828521729
54.209945678711
53.120681762695
53.118919372559
52.932289123535
53.015411376953
53.061492919922
52.968849182129
54.211502075195
54.209182739258
54.205841064453
54.21223449707
54.213577270508
53.06037902832
54.212432861328
54.20626449585
54.211933135986
54.213829040527
53.103618621826
53.058078765869
54.211124420166
54.211742401123
54.210929870605
54.208339691162
54.20902633667
54.207111358643
54.214122772217
53.020317077637
54.210540771484
53.081527709961
52.978443145752
53.051280975342
54.209217071533
53.048000335693
53.070945739746
52.956451416016
53.028125762939
53.082996368408
53.105709075928
53.066177368164
54.209987640381
53.057590484619
53.071876525879
54.208019256592
53.04887008667
53.016784667969
54.203884124756
54.204742431641
54.209445953369
54.205413818359
53.197227478027
53.011093139648
54.201011657715
54.202865600586
53.168365478516
54.199256896973
54.205982208252
54.209571838379
54.207656860352
54.211128234863
54.204177856445
54.201496124268
53.072101593018
54.204429626465
54.21036529541
54.207458496094
53.125793457031
54.211700439453
54.212432861328
54.209606170654
54.210300445557
54.207614898682
54.209655761719
54.211051940918
54.210350036621
54.212913513184
54.212322235107
54.215530395508
53.095687866211
53.113296508789
54.215000152588
53.105728149414
54.211982727051
53.050266265869
53.060626983643
52.73030090332
52.68334197998
52.550327301025
54.216003417969
52.977130889893
52.863765716553
53.013961791992
54.21573638916
40.192504882812
40.192527770996
40.198719024658
45.932113647461
45.932113647461
49.280094146729
52.41682434082
52.203750610352
52.788822174072
52.815776824951
53.042335510254
53.138164520264
52.697784423828
49.233238220215
49.233238220215
40.931407928467
41.073287963867
52.48904800415
52.977149963379
52.794239044189
51.773590087891
53.062561035156
52.637428283691
52.637428283691
52.829208374023
42.221138000488
53.029537200928
53.202980041504
52.725490570068
40.90686416626
52.931503295898
52.827716827393
53.032569885254
53.031070709229
52.895404815674
52.92142868042
53.016639709473
52.97046661377
52.93318939209
52.923976898193
53.038009643555
53.065929412842
52.988357543945
52.968997955322
54.206325531006
54.211051940918
52.950359344482
54.217231750488
54.217197418213
56.477478027344
54.220481872559
54.222351074219
54.227172851562
52.941284179688
53.185131072998
54.206405639648
54.203880310059
54.223575592041
56.377590179443
56.891952514648
57.279926300049
57.032363891602
56.745952606201
56.043174743652
57.135345458984
54.727382659912
57.727981567383
57.397655487061
56.804481506348
54.241092681885
56.00048828125
56.138210296631
56.516773223877
55.316192626953
54.238433837891
54.243801116943
54.243801116943
57.263916015625
57.608665466309
56.429225921631
55.263320922852
55.644149780273
55.978206634521
56.344089508057
56.423583984375
54.233806610107
54.237255096436
54.237255096436
54.237255096436
57.4504737854
57.263488769531
56.483276367188
55.680286407471
56.120666503906
56.563674926758
56.465900421143
55.607383728027
54.241878509521
54.22876739502
54.22876739502
54.22876739502
54.22876739502
56.782894134521
56.35498046875
55.050342559814
55.853759765625
56.118782043457
56.123348236084
54.989452362061
54.224979400635
54.224979400635
54.224979400635
54.224979400635
54.224979400635
54.227989196777
54.227989196777
54.225875854492
55.05700302124
55.173629760742
55.173629760742
54.726596832275
54.726596832275
54.726596832275
54.726596832275
54.726596832275
54.726596832275
54.726596832275
54.236148834229
54.236148834229
54.236148834229
54.236148834229
54.226036071777
54.222900390625
54.222900390625
54.222900390625
54.222900390625
54.226036071777
54.226036071777
54.226036071777
54.226036071777
54.226036071777
54.226036071777
54.226036071777
54.226036071777
54.226036071777
45.256587982178
55.631862640381
57.817386627197
57.330867767334
57.451400756836
57.451400756836
57.354457855225
57.354457855225
57.354457855225
57.354457855225
56.977668762207
54.867897033691
54.867897033691
55.443881988525
56.141189575195
54.221221923828
54.220817565918
54.222358703613
54.234088897705
55.038494110107
54.230876922607
54.233394622803
54.203556060791
54.20238494873
54.218780517578
54.219421386719
53.081127166748
53.25952911377
54.201049804688
54.201049804688
54.213413238525
54.22034072876
54.22034072876
54.203178405762
53.015571594238
54.209579467773
54.206615447998
52.979377746582
52.977703094482
54.199607849121
54.205284118652
54.201377868652
54.208003997803
54.204921722412
53.096473693848
53.116310119629
54.205406188965
54.209171295166
53.044353485107
53.022132873535
53.034805297852
53.06916809082
52.995185852051
54.212490081787
53.019477844238
53.003391265869
52.999382019043
53.02237701416
53.03849029541
53.081249237061
52.976341247559
53.021366119385
52.968269348145
53.067726135254
53.069774627686
54.21049118042
54.210399627686
53.079551696777
53.003479003906
52.96704864502
52.912364959717
52.992603302002
53.01895904541
53.092063903809
54.211307525635
53.093116760254
54.20906829834
53.06229019165
54.212459564209
54.216621398926
53.092437744141
54.211536407471
54.209854125977
53.026691436768
54.211902618408
54.211750030518
54.204597473145
54.209362030029
54.209976196289
53.08283996582
53.079593658447
53.050598144531
54.204795837402
54.210182189941
53.116428375244
52.954376220703
53.051296234131
54.207473754883
53.043075561523
52.965625762939
53.00760269165
53.02311706543
53.082317352295
53.083896636963
53.064022064209
53.094226837158
53.088363647461
53.064426422119
53.054237365723
53.059783935547
54.203922271729
54.207607269287
54.207901000977
54.202690124512
54.209590911865
53.054626464844
53.052871704102
54.19945526123
54.199840545654
54.199207305908
54.205570220947
54.20369720459
54.209041595459
54.20964050293
54.212268829346
54.199211120605
54.203681945801
53.030590057373
54.206359863281
53.038307189941
54.211273193359
53.023040771484
54.209232330322
54.213745117188
54.212966918945
54.213752746582
53.099258422852
54.206302642822
54.207611083984
54.211765289307
54.213928222656
54.213195800781
54.211585998535
53.026058197021
53.114116668701
54.216289520264
54.213859558105
53.028755187988
53.063087463379
52.953632354736
52.678302764893
52.263175964355
52.551456451416
54.214233398438
52.820407867432
54.203601837158
52.876098632812
52.666027069092
40.199691772461
40.199691772461
42.946655273438
42.946655273438
42.946655273438
50.344276428223
52.145538330078
52.005725860596
52.593738555908
52.749008178711
52.963684082031
53.108680725098
51.25804901123
41.039615631104
40.856204986572
41.111072540283
52.720909118652
52.773063659668
52.635684967041
52.65625
51.621929168701
52.776172637939
40.928783416748
40.931167602539
40.878746032715
42.223407745361
52.971096038818
54.207511901855
52.513816833496
52.655239105225
52.940071105957
52.782737731934
53.03636932373
53.01053237915
52.929313659668
52.99613571167
52.913238525391
53.011604309082
52.886203765869
52.937831878662
53.033351898193
52.96879196167
52.95329284668
53.02180480957
54.206565856934
54.209980010986
53.106109619141
54.215686798096
54.222213745117
56.605178833008
54.224613189697
54.216911315918
54.217754364014
52.938343048096
54.203102111816
54.205089569092
54.216236114502
54.225963592529
56.178237915039
56.778987884521
57.34398651123
56.900424957275
56.220344543457
57.127513885498
54.240493774414
57.201866149902
57.691570281982
57.342231750488
54.98384475708
54.915283203125
56.215187072754
56.174633026123
56.190795898438
55.427974700928
54.235500335693
54.833057403564
54.833057403564
57.424980163574
57.416641235352
56.121795654297
54.988220214844
55.955955505371
56.433029174805
56.407096862793
55.976036071777
54.230926513672
54.22435760498
54.22435760498
54.22435760498
57.557521820068
57.239673614502
56.483673095703
55.264095306396
56.167640686035
56.283233642578
56.456130981445
55.345561981201
54.231365203857
54.230194091797
54.230194091797
54.230194091797
54.238296508789
56.870296478271
55.662494659424
55.731903076172
56.271999359131
56.200214385986
55.846382141113
55.260604858398
54.232246398926
54.232246398926
54.232246398926
54.232246398926
54.232246398926
54.962692260742
54.232990264893
54.749515533447
55.408847808838
55.813865661621
55.975578308105
55.544563293457
55.53243637085
55.53243637085
55.53243637085
55.273292541504
55.273292541504
55.273292541504
55.273292541504
55.273292541504
55.273292541504
55.273292541504
55.273292541504
55.273292541504
55.273292541504
55.273292541504
55.273292541504
55.273292541504
55.273292541504
55.273292541504
55.273292541504
55.273292541504
55.273292541504
55.273292541504
55.273292541504
55.273292541504
55.273292541504
55.273292541504
55.53243637085
55.53243637085
55.53243637085
55.53243637085
55.53243637085
55.53243637085
55.273292541504
55.273292541504
47.215518951416
46.249382019043
46.249382019043
55.097961425781
55.097961425781
55.097961425781
45.851505279541
54.233924865723
54.874557495117
56.12532043457
55.489414215088
55.453536987305
54.964725494385
53.228466033936
54.226684570312
54.214721679688
53.274738311768
54.204242706299
54.216613769531
54.21940612793
56.455677032471
56.923004150391
57.117076873779
54.199161529541
54.200973510742
54.201694488525
54.213577270508
53.100566864014
54.201530456543
54.215744018555
54.213314056396
54.212291717529
54.215774536133
54.210815429688
54.202194213867
54.20531463623
53.043674468994
53.075965881348
53.028312683105
53.092803955078
53.02868270874
53.098796844482
53.020626068115
54.21070098877
54.210975646973
52.992336273193
53.00479888916
52.858345031738
52.950576782227
53.046432495117
53.049003601074
52.989265441895
53.022747039795
53.013221740723
53.092105865479
54.213718414307
53.067890167236
53.039825439453
53.038177490234
52.89818572998
53.005966186523
53.031562805176
52.983093261719
54.21134185791
54.21159362793
54.210216522217
54.212593078613
54.214797973633
54.207672119141
54.211372375488
54.210983276367
54.212310791016
54.212947845459
53.06880569458
53.074417114258
54.213428497314
54.211120605469
54.210468292236
54.204025268555
54.208908081055
54.209487915039
54.212181091309
52.995265960693
53.102325439453
53.114906311035
53.049827575684
53.042774200439
53.09449005127
53.025611877441
53.088607788086
53.054527282715
53.043056488037
53.079071044922
53.088230133057
53.002571105957
54.211307525635
53.113639831543
53.071830749512
54.206893920898
54.20622253418
53.088394165039
54.203937530518
54.210395812988
54.208831787109
54.201972961426
53.166095733643
52.96459197998
54.201770782471
53.094421386719
53.123046875
54.205024719238
54.207294464111
54.206249237061
54.209602355957
54.210544586182
54.20288848877
54.203224182129
53.102588653564
54.205951690674
54.210636138916
54.209171295166
54.210384368896
53.038833618164
54.211608886719
54.212299346924
54.211772918701
53.083221435547
54.205070495605
54.21142578125
54.208915710449
54.208114624023
54.215724945068
54.214389801025
53.090389251709
54.210891723633
54.21549987793
53.125717163086
53.079635620117
53.000736236572
53.092224121094
52.69987487793
52.610126495361
52.141479492188
52.929748535156
52.977252960205
53.089424133301
54.214820861816
52.77868270874
40.193702697754
40.195571899414
43.059898376465
47.1979637146
47.1979637146
42.243911743164
52.478366851807
52.800861358643
52.692150115967
52.991928100586
53.093032836914
52.982051849365
52.951419830322
41.118076324463
41.066379547119
40.924980163574
49.768409729004
52.744064331055
54.204010009766
52.82576751709
52.557289123535
52.957866668701
40.905479431152
41.086429595947
41.015354156494
42.223075866699
53.001663208008
53.033668518066
41.080257415771
54.221591949463
53.105010986328
52.872127532959
53.007663726807
52.997272491455
52.816101074219
53.004104614258
52.959529876709
52.755348205566
52.896587371826
53.051116943359
52.904876708984
52.935852050781
52.988670349121
53.094699859619
54.204044342041
54.208168029785
52.868896484375
54.214000701904
54.220397949219
54.228404998779
54.234676361084
54.21858215332
54.227931976318
52.973892211914
53.083274841309
54.205387115479
54.218673706055
54.219470977783
56.077262878418
57.038097381592
57.171253204346
56.986728668213
56.425331115723
56.524559020996
56.489410400391
56.802062988281
57.639804840088
57.454696655273
56.94250869751
54.791801452637
56.001586914062
56.429004669189
56.459251403809
55.243282318115
54.234638214111
54.233364105225
54.230117797852
54.236167907715
57.687553405762
56.580333709717
54.234443664551
55.594879150391
56.16011428833
56.157909393311
55.891788482666
55.061676025391
54.733005523682
54.733005523682
54.733005523682
54.968940734863
57.242622375488
56.486373901367
55.23889541626
55.838680267334
56.58606338501
56.314598083496
55.67798614502
54.23583984375
54.237506866455
54.237506866455
54.237506866455
54.237506866455
54.788383483887
56.15588760376
55.013385772705
55.869808197021
55.969505310059
56.260028839111
54.737152099609
54.231616973877
54.231616973877
54.231616973877
54.231616973877
54.231616973877
54.231616973877
54.227733612061
54.205570220947
54.240825653076
54.238594055176
54.238594055176
54.238594055176
54.238594055176
54.238594055176
54.238594055176
54.238574981689
54.238574981689
54.238574981689
54.238574981689
54.238574981689
54.238574981689
54.238574981689
54.238574981689
54.238574981689
54.238574981689
54.238574981689
54.238574981689
56.71199798584
56.71199798584
56.71199798584
56.855880737305
56.855880737305
56.855880737305
56.855880737305
56.855880737305
56.855880737305
56.606983184814
55.575569152832
57.627140045166
57.071491241455
57.56457901001
57.652984619141
57.417255401611
58.044006347656
58.044006347656
58.044006347656
47.214122772217
54.254234313965
55.21314239502
56.582363128662
56.582363128662
54.22677230835
54.226318359375
54.232013702393
54.234489440918
55.192413330078
54.238906860352
54.233310699463
53.261993408203
54.205020904541
54.223232269287
54.225234985352
53.259284973145
54.203201293945
54.199619293213
54.199619293213
56.472118377686
57.073402404785
53.192081451416
53.350009918213
53.195953369141
54.207202911377
54.203807830811
54.202514648438
53.080711364746
54.2028465271
54.202716827393
54.207759857178
54.210674285889
54.205234527588
54.205043792725
52.94563293457
54.208190917969
54.211673736572
53.067306518555
53.006298065186
53.030452728271
53.080081939697
53.041805267334
53.062892913818
52.977058410645
52.976261138916
53.029048919678
53.027332305908
53.01598739624
53.031547546387
53.019203186035
53.002052307129
53.01639175415
53.061122894287
53.047981262207
54.211494445801
53.056625366211
54.208911895752
53.066093444824
52.956768035889
52.971271514893
53.003803253174
52.972888946533
54.213233947754
54.209495544434
54.209781646729
54.20983505249
54.212448120117
54.210308074951
54.210510253906
53.074771881104
54.212585449219
54.209808349609
53.053398132324
54.20873260498
54.212368011475
54.207592010498
54.209739685059
53.127891540527
53.096351623535
54.207324981689
54.209072113037
54.210929870605
54.212020874023
53.081775665283
53.013290405273
53.033485412598
53.087688446045
53.062629699707
53.01530456543
52.951442718506
54.203845977783
54.202201843262
53.068492889404
53.034843444824
54.211631774902
53.020984649658
53.137077331543
54.207214355469
53.090190887451
53.034679412842
54.206371307373
54.208946228027
54.212699890137
54.207347869873
53.326042175293
53.013977050781
53.080745697021
54.205978393555
54.202705383301
54.203552246094
54.207191467285
54.210224151611
54.208477020264
54.212284088135
53.519515991211
54.203624725342
53.036804199219
54.208023071289
53.058437347412
54.20902633667
54.20503616333
53.108058929443
54.216236114502
53.097309112549
54.209827423096
53.122871398926
54.205574035645
54.211795806885
54.213947296143
54.214050292969
54.21403503418
54.212043762207
53.054466247559
54.214965820312
53.114643096924
54.212524414062
53.06477355957
53.075119018555
53.031322479248
52.635047912598
52.352165222168
52.505111694336
53.006942749023
54.203723907471
53.074363708496
53.074363708496
40.195320129395
40.195320129395
40.195320129395
43.03918838501
49.770042419434
49.770042419434
50.088134765625
53.14086151123
42.220027923584
52.540252685547
54.211120605469
53.017879486084
52.968521118164
52.819972991943
41.247467041016
40.70435333252
40.961143493652
50.368076324463
52.628604888916
52.991313934326
52.909496307373
52.869361877441
53.217273712158
52.30696105957
52.922645568848
54.202331542969
40.898330688477
52.836456298828
53.053447723389
52.205280303955
54.222915649414
53.010543823242
53.028476715088
53.006813049316
54.207229614258
52.971942901611
52.965507507324
52.802787780762
52.857688903809
52.985687255859
52.998725891113
52.899963378906
52.91138458252
54.209278106689
53.03458404541
54.20930480957
54.204776763916
52.903610229492
54.217708587646
54.217060089111
55.766654968262
54.225322723389
54.233013153076
54.215358734131
53.057155609131
54.203178405762
54.208404541016
54.217842102051
54.230228424072
56.385662078857
56.861476898193
57.162136077881
57.033145904541
56.021614074707
56.68913269043
56.433517456055
57.356838226318
57.776885986328
57.417774200439
56.471225738525
55.529830932617
55.963474273682
56.087059020996
56.540302276611
55.001808166504
54.236526489258
54.237762451172
40.197841644287
57.436599731445
57.627132415771
56.672206878662
54.863136291504
55.795204162598
56.531768798828
56.393085479736
55.785568237305
54.230369567871
54.237327575684
40.198513031006
40.198513031006
57.309162139893
57.334186553955
56.142673492432
55.221611022949
56.160678863525
56.49681854248
56.466102600098
55.198799133301
54.232192993164
54.23250579834
54.23250579834
54.23250579834
57.432014465332
57.128810882568
56.089904785156
56.013195037842
56.510452270508
56.366199493408
56.464706420898
55.270484924316
54.227321624756
54.237537384033
54.237537384033
46.203365325928
54.237537384033
55.832500457764
54.220561981201
54.22647857666
55.023475646973
55.665813446045
55.779865264893
55.639278411865
55.639278411865
55.639278411865
55.639278411865
55.60417175293
55.070571899414
54.936630249023
54.763080596924
54.936630249023
54.936630249023
54.763080596924
55.722465515137
55.42350769043
55.497325897217
55.497325897217
55.497325897217
55.497325897217
55.497325897217
55.497325897217
55.497325897217
55.497325897217
55.497325897217
55.497325897217
55.311679840088
56.952453613281
56.953430175781
55.306896209717
55.452579498291
55.452579498291
55.452579498291
55.721748352051
55.452579498291
58.46768951416
57.890762329102
56.031429290771
46.092651367188
54.848419189453
54.905124664307
55.167568206787
56.063385009766
54.219749450684
48.034126281738
54.230346679688
55.846298217773
56.455368041992
56.329303741455
56.137577056885
55.306034088135
53.300605773926
54.228023529053
54.209896087646
53.062881469727
54.203536987305
54.219814300537
54.219814300537
54.224361419678
57.112083435059
56.987926483154
54.203239440918
53.003620147705
53.111186981201
54.211246490479
54.204235076904
53.054573059082
54.215915679932
54.214252471924
54.217807769775
54.216278076172
54.214508056641
53.111911773682
53.068550109863
53.054340362549
54.203994750977
53.042182922363
53.069713592529
53.064384460449
54.205268859863
53.106567382812
54.213634490967
54.211750030518
53.068096160889
53.062618255615
52.97384262085
53.03931427002
53.107311248779
52.966747283936
53.011402130127
52.9846534729
53.055908203125
53.106307983398
53.104934692383
54.209686279297
53.104454040527
53.067752838135
52.962837219238
52.990734100342
52.961265563965
53.011447906494
54.211929321289
54.2138671875
54.209487915039
54.211540222168
54.211116790771
53.094402313232
54.217300415039
53.094310760498
54.211502075195
54.210720062256
53.051609039307
53.076507568359
54.211578369141
54.208648681641
54.211448669434
54.210205078125
54.206279754639
53.101669311523
54.21106338501
54.208061218262
53.111961364746
53.111671447754
52.99543762207
53.078147888184
53.112670898438
53.044937133789
53.061019897461
52.950218200684
53.05345916748
53.065696716309
54.20352935791
53.057987213135
54.21403503418
53.092506408691
53.097576141357
54.205158233643
54.204078674316
53.103820800781
54.208103179932
54.206325531006
54.205863952637
54.208396911621
53.178833007812
52.973846435547
53.282051086426
54.202331542969
54.200912475586
54.203044891357
54.203273773193
54.208168029785
54.209213256836
54.210399627686
54.205474853516
53.308032989502
53.084983825684
53.060844421387
54.209354400635
54.210681915283
53.07287979126
54.208110809326
54.211944580078
54.210083007812
54.213275909424
54.210517883301
54.20677947998
54.209156036377
54.2073097229
54.213748931885
54.213912963867
54.214500427246
53.070426940918
54.212768554688
54.215965270996
54.217475891113
53.005279541016
53.088443756104
53.027313232422
52.791725158691
52.666893005371
52.136943817139
53.031517028809
52.952255249023
53.053718566895
53.15446472168
54.203681945801
54.203681945801
54.203681945801
43.022819519043
49.66072845459
58.147029876709
50.373313903809
52.898868560791
40.957481384277
52.151260375977
53.018169403076
53.029392242432
52.955760955811
51.919902801514
52.547954559326
41.158988952637
40.903121948242
41.165550231934
42.219200134277
52.799579620361
52.511199951172
51.819068908691
53.082000732422
40.93408203125
40.93408203125
40.896049499512
40.920516967773
53.025512695312
53.122951507568
41.28596496582
53.05436706543
53.106601715088
52.925849914551
53.014114379883
52.978874206543
52.792091369629
52.86340713501
52.977493286133
52.7561378479
52.957386016846
53.086696624756
53.044807434082
52.996547698975
52.950019836426
52.968997955322
54.20524597168
54.21028137207
53.053512573242
53.043506622314
54.216121673584
40.195323944092
40.193542480469
54.211887359619
54.228355407715
52.933876037598
53.009136199951
53.252899169922
54.214736938477
54.213085174561
56.193508148193
56.92951965332
57.35823059082
56.845428466797
56.440856933594
56.835090637207
54.246494293213
40.205062866211
57.692378997803
57.340839385986
56.845802307129
54.931831359863
56.007591247559
56.27653503418
56.515995025635
54.903686523438
54.89026260376
54.240516662598
55.084972381592
57.582000732422
57.364242553711
56.993808746338
55.618640899658
55.660690307617
56.166942596436
56.245384216309
56.128932952881
54.951515197754
54.231441497803
54.235683441162
54.235683441162
57.665336608887
57.381885528564
56.492649078369
54.234245300293
55.982524871826
56.464298248291
56.295677185059
55.696891784668
54.836124420166
54.23575592041
54.233924865723
54.233924865723
57.461250305176
57.031589508057
55.598781585693
55.279521942139
55.874015808105
56.136764526367
55.9833984375
54.23051071167
54.232257843018
54.233528137207
54.233528137207
54.233528137207
54.233528137207
55.750068664551
55.750068664551
54.230979919434
54.24328994751
55.205303192139
54.899391174316
54.23624420166
54.23624420166
54.899391174316
54.899391174316
54.230895996094
54.230895996094
54.230895996094
46.382369995117
46.382369995117
46.382369995117
47.208480834961
54.230754852295
54.223159790039
54.221031188965
54.221031188965
54.221031188965
57.416687011719
57.291568756104
57.291568756104
57.291568756104
57.291568756104
57.291568756104
57.291568756104
57.291568756104
57.291568756104
56.540641784668
55.628746032715
56.447368621826
57.153991699219
57.716358184814
57.710140228271
57.591503143311
57.003719329834
57.003719329834
57.003719329834
55.422470092773
54.665992736816
54.768238067627
56.391670227051
57.202526092529
54.222881317139
54.219669342041
54.224475860596
54.22838973999
54.774467468262
54.231021881104
54.239124298096
54.223529815674
53.548637390137
54.220191955566
54.221672058105
53.042549133301
53.13423538208
54.204265594482
54.205909729004
54.214267730713
54.21656036377
53.225360870361
53.436527252197
53.057495117188
54.207069396973
54.210674285889
53.032836914062
53.003448486328
53.294002532959
54.204734802246
54.207443237305
54.211254119873
54.20043182373
54.203506469727
54.204696655273
53.08825302124
54.211925506592
53.008960723877
53.071895599365
53.079246520996
53.099185943604
53.033645629883
53.0973777771
53.06999206543
53.000152587891
52.979850769043
52.902233123779
53.05553817749
53.051418304443
53.039775848389
53.059005737305
52.984466552734
52.976921081543
53.083213806152
53.102272033691
53.032825469971
53.127880096436
52.907382965088
52.951187133789
52.94705581665
52.986968994141
53.089454650879
54.21049118042
54.211685180664
54.208229064941
54.213722229004
54.213966369629
54.21008682251
54.214862823486
54.206630706787
54.213882446289
54.21215057373
52.968425750732
53.104091644287
54.214050292969
54.208274841309
54.212181091309
54.209781646729
54.210079193115
54.207427978516
53.094665527344
53.038764953613
53.092533111572
53.082843780518
53.100059509277
53.063930511475
54.209930419922
52.974071502686
53.014923095703
53.000778198242
53.018314361572
54.206943511963
52.986743927002
53.124977111816
54.210369110107
53.042015075684
54.20955657959
54.205841064453
53.03157043457
53.221431732178
54.207023620605
54.209224700928
54.215469360352
54.206310272217
53.158252716064
53.016445159912
53.063930511475
54.204193115234
53.11328125
54.204246520996
54.206909179688
54.209922790527
54.208351135254
54.210784912109
53.286437988281
53.26636505127
52.981937408447
54.206981658936
53.025203704834
54.209011077881
54.207782745361
54.211868286133
54.212684631348
54.208225250244
54.211948394775
53.081531524658
54.209804534912
54.212852478027
54.214443206787
54.213180541992
54.212902069092
54.214233398438
53.112129211426
53.130645751953
54.214019775391
54.213317871094
52.977039337158
53.090572357178
52.891651153564
52.672927856445
52.364906311035
52.556800842285
53.141407012939
53.063751220703
54.211360931396
54.211360931396
52.850524902344
40.193885803223
40.193786621094
45.814258575439
60.400680541992
60.400680541992
50.354316711426
52.867366790771
42.223838806152
52.6741065979
52.887664794922
53.057262420654
52.934883117676
52.073028564453
41.036067962646
40.763233184814
40.995792388916
51.748653411865
54.202842712402
52.664619445801
52.788867950439
52.561637878418
52.990737915039
40.994720458984
49.215049743652
52.533473968506
52.297378540039
52.952121734619
53.171062469482
41.074729919434
54.212574005127
53.068939208984
52.992111206055
52.9797706604
52.949558258057
52.909873962402
52.853118896484
52.910545349121
52.931728363037
52.924728393555
53.005535125732
53.066837310791
52.930995941162
52.966636657715
53.008335113525
54.211814880371
54.213108062744
52.981227874756
54.211578369141
54.211879730225
54.240085601807
54.201496124268
54.218658447266
52.377700805664
52.861045837402
54.205993652344
54.204727172852
54.216934204102
54.21711730957
56.283164978027
56.858806610107
57.388401031494
56.769775390625
56.517837524414
56.542587280273
56.480274200439
57.730056762695
57.631984710693
57.39595413208
56.354038238525
54.754337310791
56.125282287598
56.15896987915
56.177387237549
55.088531494141
54.240859985352
54.238048553467
54.22225189209
57.621685028076
57.568561553955
56.42839050293
55.122470855713
55.841533660889
56.488719940186
56.486656188965
56.444976806641
54.22989654541
54.238838195801
54.238838195801
54.238838195801
57.472999572754
57.174915313721
40.187313079834
55.220851898193
56.077404022217
56.392978668213
56.439228057861
55.393451690674
54.232814788818
54.227108001709
54.227108001709
54.227108001709
57.29861831665
57.109725952148
55.952121734619
55.391273498535
56.026966094971
55.960647583008
55.807655334473
54.234409332275
54.228107452393
54.228107452393
54.228107452393
54.228225708008
57.372451782227
56.85721206665
56.540409088135
55.794616699219
56.537200927734
56.838413238525
56.813640594482
56.508274078369
56.250888824463
56.250888824463
56.250888824463
56.250888824463
56.742866516113
56.679294586182
56.679294586182
57.348373413086
57.46603012085
57.350601196289
56.544216156006
55.859260559082
55.859260559082
55.859260559082
54.743453979492
54.239990234375
57.422588348389
57.56921005249
57.589424133301
57.920806884766
57.566429138184
57.564437866211
57.503379821777
57.503379821777
57.503379821777
59.194828033447
57.57234954834
57.408470153809
57.942798614502
57.863887786865
57.756366729736
57.857715606689
58.353454589844
58.233901977539
56.545753479004
54.243324279785
55.085250854492
57.908061981201
57.299209594727
57.299209594727
57.453701019287
56.804809570312
56.526893615723
57.068435668945
57.068435668945
55.970317840576
54.199020385742
54.19917678833
54.786819458008
54.234439849854
52.944225311279
54.217147827148
54.217964172363
56.796356201172
57.285430908203
57.286998748779
53.44344329834
53.078372955322
53.076496124268
54.209175109863
54.21573638916
54.205131530762
53.106925964355
54.210918426514
54.209945678711
54.218715667725
54.22106552124
54.203269958496
53.036071777344
52.970108032227
54.206157684326
54.207080841064
53.07137298584
53.11462020874
54.207706451416
53.092155456543
54.207534790039
54.214012145996
54.211116790771
52.965686798096
52.96305847168
53.031162261963
53.054027557373
53.081970214844
53.022686004639
53.029056549072
53.0283203125
53.000152587891
53.09105682373
53.103439331055
53.09655380249
54.206848144531
53.01587677002
52.961524963379
52.978801727295
52.942390441895
53.068855285645
54.210582733154
54.213180541992
54.211418151855
54.208534240723
54.213638305664
53.100517272949
54.217891693115
53.058036804199
54.210723876953
54.210189819336
53.008728027344
54.211406707764
54.209892272949
54.20825958252
54.210502624512
54.211292266846
54.209880828857
53.078006744385
54.209983825684
54.207553863525
54.211296081543
53.062171936035
52.996547698975
53.100028991699
54.206729888916
53.064205169678
53.031532287598
52.95023727417
53.103958129883
53.083644866943
53.088031768799
53.07738494873
54.21471786499
53.037559509277
53.105491638184
54.204284667969
54.206829071045
54.199779510498
54.211730957031
54.212409973145
54.205516815186
54.206531524658
53.135250091553
53.002468109131
53.068958282471
54.201591491699
54.199424743652
54.204433441162
54.206604003906
54.208526611328
54.207107543945
54.211837768555
54.200553894043
54.202850341797
53.055072784424
53.077178955078
53.094123840332
54.209445953369
53.084442138672
54.210948944092
54.211410522461
54.213871002197
54.21431350708
53.108863830566
54.208915710449
54.209014892578
54.211639404297
54.213649749756
54.214023590088
54.211952209473
53.115417480469
54.213180541992
54.215450286865
54.215538024902
53.01330947876
53.086608886719
52.943447113037
52.734752655029
52.215377807617
52.298667907715
54.215538024902
52.935131072998
53.066596984863
53.040000915527
53.317527770996
53.317527770996
53.317527770996
45.665004730225
45.665004730225
59.216323852539
53.066638946533
52.742141723633
52.294822692871
52.465263366699
52.889225006104
53.130561828613
53.057342529297
41.247425079346
52.441967010498
40.949615478516
40.919044494629
52.002754211426
52.921894073486
52.759082794189
52.51770401001
52.217937469482
53.033203125
40.923881530762
40.923881530762
40.842967987061
41.304534912109
52.823051452637
54.202728271484
52.642913818359
52.248275756836
52.945106506348
52.817863464355
52.957607269287
52.971038818359
52.700374603271
52.86075592041
52.985870361328
52.992721557617
52.937847137451
53.01717376709
52.988212585449
52.986503601074
53.043869018555
52.95581817627
54.206520080566
54.208950042725
54.212936401367
53.061058044434
54.213317871094
55.202396392822
40.196334838867
54.224479675293
52.574432373047
52.801223754883
54.201248168945
53.241287231445
54.217811584473
54.219848632812
56.506923675537
56.880573272705
57.277610778809
56.733646392822
56.256874084473
56.739612579346
40.200508117676
57.320831298828
57.693073272705
57.009582519531
56.357513427734
54.984462738037
56.008995056152
56.272407531738
56.280479431152
55.10652923584
54.240070343018
55.105651855469
55.105651855469
57.498554229736
57.360210418701
56.51868057251
55.553382873535
55.739463806152
56.553127288818
56.366889953613
55.950263977051
54.231597900391
54.234516143799
54.231647491455
54.231647491455
57.421600341797
57.238395690918
56.374500274658
54.922340393066
56.077030181885
56.316688537598
56.327831268311
55.307548522949
54.237800598145
54.236801147461
54.236801147461
54.236801147461
54.237197875977
56.863391876221
54.866722106934
55.533699035645
55.930366516113
56.151329040527
55.846458435059
54.230346679688
54.232894897461
54.233219146729
54.233219146729
54.233219146729
54.233219146729
54.234802246094
54.231155395508
54.236000061035
55.308200836182
55.437435150146
55.071590423584
54.236553192139
54.236553192139
54.236553192139
54.236553192139
54.236553192139
54.236553192139
54.236553192139
54.236553192139
54.236553192139
54.236553192139
54.236553192139
54.229415893555
54.222679138184
54.222679138184
54.222679138184
54.222679138184
54.222679138184
54.222679138184
54.222679138184
54.222679138184
54.222679138184
54.222679138184
54.222679138184
54.222679138184
54.222679138184
53.226516723633
55.533725738525
56.494415283203
56.494415283203
56.494415283203
57.086517333984
57.086517333984
56.104007720947
56.104007720947
56.104007720947
54.787288665771
54.787288665771
55.559757232666
56.52465057373
56.52465057373
54.212535858154
54.212135314941
54.223197937012
54.233432769775
54.234672546387
54.228073120117
54.238075256348
54.232437133789
53.520263671875
54.225135803223
54.221099853516
53.250946044922
53.288967132568
53.158435821533
54.205696105957
54.205696105957
54.215091705322
54.215091705322
53.564655303955
54.199077606201
54.209941864014
54.205963134766
53.038471221924
52.954349517822
53.206184387207
54.199638366699
54.206150054932
54.208492279053
53.207633972168
54.203693389893
52.995170593262
53.082885742188
54.211933135986
53.02466583252
54.200149536133
53.074649810791
53.055419921875
53.058284759521
54.210941314697
53.025424957275
52.94860458374
52.960865020752
52.955806732178
53.047546386719
53.049396514893
53.035411834717
52.966320037842
53.015041351318
53.023223876953
53.070957183838
54.20881652832
53.083400726318
53.082427978516
52.832183837891
52.980461120605
52.926113128662
52.975742340088
53.088249206543
54.210315704346
54.206405639648
54.210422515869
54.21480178833
53.128631591797
54.211612701416
54.212238311768
54.207454681396
54.214176177979
54.211536407471
53.034313201904
54.206111907959
54.212387084961
54.20972442627
54.211875915527
54.206985473633
54.209140777588
54.209468841553
54.210941314697
53.104545593262
54.209060668945
53.061084747314
52.982124328613
53.079109191895
54.209461212158
53.04288482666
53.029605865479
53.048435211182
53.05447769165
53.041297912598
52.95983505249
53.079719543457
54.210987091064
53.039295196533
54.208984375
54.20556640625
53.048553466797
54.203620910645
54.2043800354
54.209300994873
54.21297454834
53.600166320801
53.000503540039
53.037788391113
53.080181121826
54.202938079834
53.102500915527
54.203956604004
54.209224700928
54.208995819092
54.21000289917
54.210502624512
54.198890686035
54.200645446777
52.967727661133
54.207412719727
53.077537536621
54.208240509033
53.065715789795
54.214107513428
53.121471405029
54.209465026855
54.211620330811
53.098754882812
54.209560394287
53.111423492432
54.212711334229
54.21305847168
54.213973999023
54.214839935303
53.103126525879
54.213249206543
54.213214874268
54.21203994751
52.974155426025
53.023826599121
52.739929199219
52.58283996582
52.321746826172
52.617057800293
54.214023590088
53.02152633667
54.206691741943
54.206691741943
53.062789916992
40.193466186523
40.193466186523
46.023555755615
46.023555755615
50.36376953125
50.378982543945
52.90242767334
52.610893249512
52.796962738037
52.937591552734
53.098091125488
52.988731384277
52.018768310547
41.102951049805
40.790424346924
40.911846160889
51.516666412354
52.995281219482
52.34338760376
52.431213378906
52.71724319458
52.928699493408
40.970691680908
40.970691680908
40.970691680908
52.424739837646
53.009372711182
52.975421905518
41.065166473389
54.219100952148
52.821388244629
52.933055877686
52.910049438477
53.103385925293
52.956527709961
52.919269561768
52.922702789307
53.041507720947
52.882923126221
52.976547241211
52.96097946167
53.045303344727
53.086055755615
53.021697998047
54.214859008789
54.208984375
53.085384368896
54.218074798584
54.212997436523
55.177742004395
53.387382507324
54.218612670898
52.389110565186
52.6946144104
54.207130432129
54.218307495117
54.207904815674
54.223739624023
56.327754974365
56.818801879883
57.419109344482
56.743179321289
56.427410125732
56.558639526367
56.454177856445
57.72424697876
57.637752532959
57.338199615479
56.215648651123
55.540466308594
56.127708435059
56.337627410889
56.087306976318
54.236427307129
54.236400604248
54.236400604248
46.093147277832
57.521938323975
57.21125793457
56.406776428223
55.241931915283
55.824203491211
56.413017272949
56.524848937988
55.635673522949
54.974979400635
54.233421325684
54.233421325684
54.233421325684
57.197017669678
57.216003417969
40.182167053223
54.227890014648
56.050735473633
56.263690948486
56.640037536621
54.240142822266
54.240543365479
54.23567199707
54.23567199707
54.23567199707
54.23567199707
54.237728118896
54.237728118896
55.856559753418
56.117839813232
56.193153381348
55.831771850586
54.233299255371
54.233299255371
54.233299255371
54.233299255371
54.233299255371
54.233299255371
54.233299255371
40.19539642334
54.236434936523
55.324779510498
55.051933288574
55.051933288574
55.051933288574
55.051933288574
55.051933288574
55.051933288574
55.051933288574
55.051933288574
55.051933288574
55.051933288574
55.051933288574
55.051933288574
55.051933288574
55.051933288574
55.051933288574
55.051933288574
55.051933288574
55.051933288574
55.051933288574
55.051933288574
55.051933288574
55.051933288574
55.051933288574
55.051933288574
55.051933288574
55.051933288574
55.051933288574
55.192276000977
55.792781829834
57.040302276611
56.449878692627
56.449878692627
57.040302276611
56.084064483643
47.229652404785
47.229652404785
47.229652404785
47.229652404785
54.865356445312
54.865356445312
55.109718322754
56.333358764648
54.222511291504
54.218254089355
54.228633880615
54.241516113281
54.241516113281
54.241516113281
54.231651306152
54.224731445312
54.210975646973
54.236305236816
54.215755462646
53.156837463379
54.201900482178
54.206348419189
54.209022521973
54.235313415527
54.235313415527
53.352649688721
54.201267242432
53.1291847229
54.209133148193
54.201301574707
52.897148132324
53.068016052246
54.20170211792
54.199256896973
54.204597473145
54.199005126953
53.063655853271
53.121459960938
54.20645904541
54.207862854004
54.209964752197
53.083389282227