57.616359710693
57.606670379639
57.606670379639
57.033580780029
56.897029876709
58.442184448242
57.906688690186
57.906688690186
56.470447540283
56.958068847656
57.641807556152
57.990329742432
57.977977752686
57.954879760742
58.012802124023
58.041007995605
58.025177001953
57.864582061768
58.025100708008
58.010787963867
58.034580230713
58.127513885498
57.99654006958
57.995231628418
57.934707641602
57.950698852539
57.969287872314
57.744983673096
57.980167388916
57.922706604004
57.984764099121
57.988395690918
58.038429260254
58.194911956787
58.049427032471
58.030994415283
57.977764129639
57.967887878418
58.003433227539
58.019840240479
58.029632568359
58.048480987549
58.054183959961
58.046585083008
57.980735778809
57.916133880615
57.85888671875
57.995170593262
57.924434661865
57.976802825928
57.942668914795
58.004295349121
58.016452789307
58.008251190186
57.966762542725
57.940860748291
57.932434082031
58.016460418701
57.972316741943
58.041732788086
57.985710144043
58.086448669434
57.992946624756
57.990577697754
57.931156158447
57.981842041016
57.861351013184
57.939781188965
57.965072631836
58.096687316895
57.936428070068
58.035629272461
57.696586608887
57.125560760498
57.907093048096
57.952167510986
57.967575073242
57.929096221924
58.016834259033
58.018966674805
57.901412963867
57.982894897461
57.80725479126
57.94055557251
57.872047424316
57.922634124756
57.94713973999
58.004951477051
57.994403839111
57.967063903809
57.95650100708
57.963592529297
57.96170425415
57.904232025146
45.930335998535
46.005950927734
45.949180603027
45.97972869873
46.000293731689
45.996204376221
45.935749053955
45.986614227295
53.235195159912
64.834197998047
64.730499267578
53.096321105957
64.741928100586
57.975158691406
57.861545562744
57.951126098633
57.917819976807
57.994800567627
57.963684082031
58.004970550537
58.021331787109
57.967384338379
58.047515869141
58.056903839111
57.997802734375
57.911083221436
57.992046356201
58.020706176758
58.02738571167
57.976875305176
57.926708221436
57.959804534912
57.721759796143
57.9147605896
57.98999786377
57.886447906494
58.002857208252
57.937286376953
45.998085021973
46.004894256592
45.980728149414
46.03133392334
46.002731323242
53.498992919922
53.38521194458
64.640800476074
64.867774963379
64.936431884766
64.994331359863
64.973533630371
64.949523925781
64.889587402344
64.938636779785
64.951362609863
65.002815246582
64.918098449707
64.97274017334
64.977867126465
65.024505615234
64.95987701416
65.000091552734
64.986907958984
65.065353393555
65.023506164551
65.08455657959
65.085319519043
65.024269104004
65.059867858887
65.108711242676
65.032905578613
65.097412109375
65.081817626953
65.012100219727
64.989463806152
64.963676452637
53.1552734375
52.949020385742
64.876480102539
64.983276367188
53.019035339355
52.983814239502
64.848243713379
64.968627929688
64.998962402344
65.082275390625
64.991149902344
52.991722106934
52.927501678467
64.858497619629
64.983085632324
64.925804138184
64.972061157227
64.97053527832
64.926383972168
64.904029846191
64.896385192871
64.95361328125
64.926780700684
64.911468505859
64.914169311523
64.919525146484
69.64363861084
69.503379821777
69.791656494141
51.188106536865
57.69624710083
57.739219665527
51.427024841309
51.228542327881
51.330154418945
51.284656524658
51.331443786621
51.438896179199
69.847747802734
69.974914550781
51.298805236816
69.978294372559
69.940223693848
69.873397827148
69.725639343262
70.023025512695
70.024055480957
70.058639526367
70.10302734375
70.061325073242
70.041328430176
70.021606445312
58.025009155273
70.065734863281
70.000694274902
70.024085998535
57.916343688965
69.975059509277
70.032760620117
69.803779602051
70.020988464355
58.22509765625
70.161468505859
70.071891784668
70.08097076416
69.979293823242
70.084671020508
70.117835998535
70.016777038574
70.049781799316
70.015266418457
69.846237182617
70.065963745117
69.996215820312
70.099922180176
57.928924560547
70.107109069824
70.037475585938
69.995018005371
70.005439758301
70.030708312988
70.002243041992
69.978355407715
70.006454467773
70.053581237793
71.844985961914
72.015365600586
72.009651184082
71.957908630371
71.91943359375
72.002548217773
71.922714233398
71.946228027344
71.920539855957
71.855400085449
71.886497497559
71.305786132812
69.833038330078
71.335327148438
71.546348571777
73.913299560547
73.928665161133
73.922424316406
73.989265441895
73.328948974609
72.234741210938
72.621078491211
73.270812988281
72.888618469238
73.269050598145
73.144668579102
72.986381530762
73.340965270996
72.270782470703
72.476898193359
72.423873901367
72.667770385742
72.083824157715
72.365158081055
73.87540435791
73.937324523926
73.951286315918
73.926574707031
73.966194152832
73.898323059082
73.942085266113
73.912940979004
73.566535949707
73.673095703125
73.105751037598
73.712333679199
73.576103210449
73.313461303711
73.643936157227
72.91527557373
73.293190002441
72.361389160156
72.133010864258
72.136497497559
72.778099060059
72.420097351074
72.203018188477
72.120300292969
72.092346191406
72.375671386719
72.313140869141
72.516067504883
71.972061157227
72.029838562012
71.968193054199
72.019073486328
72.026649475098
72.053581237793
71.985412597656
71.90975189209
72.029144287109
71.96411895752
72.023345947266
71.950973510742
71.98030090332
71.999221801758
71.974716186523
71.99813079834
71.943359375
71.994514465332
71.93871307373
71.992256164551
71.987953186035
71.999580383301
71.950790405273
71.998596191406
73.918716430664
73.94002532959
73.919876098633
73.818809509277
73.959434509277
73.833168029785
73.82201385498
73.924049377441
73.718070983887
73.994697570801
73.977104187012
73.951835632324
73.923973083496
73.96752166748
73.985931396484
73.94654083252
73.761672973633
72.30094909668
72.020088195801
73.938354492188
74.009208679199
73.766326904297
73.944625854492
73.992935180664
73.950592041016
73.983360290527
73.99193572998
73.9892578125
73.963745117188
73.996437072754
73.883308410645
73.841781616211
73.970565795898
74.011535644531
73.976188659668
74.029716491699
74.02059173584
74.046371459961
74.091743469238
73.989639282227
74.033874511719
74.003234863281
73.997711181641
74.029708862305
73.957412719727
74.031921386719
74.904098510742
74.448455810547
74.038902282715
74.156272888184
75.800369262695
74.309913635254
74.316276550293
74.830741882324
74.484146118164
74.094062805176
74.59797668457
75.117698669434
75.448570251465
75.691444396973
74.707138061523
75.598556518555
75.055976867676
75.124420166016
74.796058654785
75.476112365723
75.476547241211
75.911437988281
75.954132080078
75.852966308594
75.932067871094
75.849082946777
75.83748626709
75.860244750977
75.917282104492
75.964012145996
75.950584411621
75.918754577637
75.917976379395
75.963562011719
75.962387084961
75.954933166504
75.965194702148
75.96590423584
75.949989318848
75.983085632324
75.969009399414
75.993988037109
75.975433349609
75.95735168457
75.970176696777
75.958320617676
76.062042236328
76.003387451172
76.009735107422
75.994705200195
75.334098815918
76.00813293457
76.03352355957
56.790756225586
75.986839294434
75.959564208984
75.960304260254
75.972534179688
75.986473083496
76.863647460938
76.544219970703
76.63126373291
76.656753540039
76.62272644043
76.248664855957
76.461639404297
76.920799255371
76.946327209473
76.914215087891
76.990699768066
77.021102905273
77.043411254883
76.961112976074
76.959060668945
76.978973388672
76.985275268555
76.915710449219
76.944892883301
76.95524597168
76.978500366211
77.000526428223
76.938674926758
76.95337677002
76.962341308594
76.972221374512
76.985168457031
77.006050109863
76.948905944824
76.968215942383
77.004920959473
76.942092895508
77.018203735352
76.651473999023
76.978881835938
77.015266418457
76.948341369629
76.987152099609
76.986206054688
76.996643066406
76.956153869629
76.98600769043
78.341339111328
78.34188079834
78.307601928711
78.639549255371
78.905281066895
78.331962585449
78.341156005859
78.872863769531
78.980125427246
78.863395690918
78.97876739502
78.96346282959
78.974960327148
78.991409301758
78.951271057129
78.968307495117
79.010681152344
78.982543945312
79.024116516113
79.007507324219
79.128898620605
78.975708007812
78.976440429688
78.956733703613
78.97713470459
78.952362060547
78.971893310547
78.967712402344
78.972351074219
78.964660644531
78.970191955566
78.964202880859
78.984367370605
78.943435668945
78.97925567627
78.979187011719
78.990180969238
78.993186950684
78.987014770508
78.973114013672
78.958526611328
78.962181091309
78.965423583984
78.948570251465
78.971084594727
80.656471252441
79.851165771484
79.94702911377
79.835380554199
80.665344238281
80.48161315918
80.901916503906
80.987594604492
80.226379394531
80.909545898438
80.964836120605
79.872459411621
80.514282226562
80.948913574219
80.763465881348
80.886306762695
80.962303161621
80.826942443848
80.971092224121
80.913589477539
80.989440917969
80.971160888672
81.008773803711
81.024955749512
81.009506225586
81.003890991211
80.973991394043
80.96443939209
80.98868560791
80.951141357422
80.959747314453
80.984733581543
80.975242614746
80.977828979492
80.983238220215
80.98314666748
80.972198486328
80.981712341309
81.034980773926
80.977401733398
81.006950378418
80.989273071289
81.018653869629
80.965644836426
80.972305297852
80.95246887207
80.956466674805
80.947174072266
80.961563110352
81.025657653809
80.989540100098
81.000640869141
80.988151550293
80.979194641113
80.968528747559
80.932289123535
80.991737365723
80.964057922363
80.980827331543
81.680122375488
81.553932189941
81.506164550781
81.338195800781
81.818199157715
81.80558013916
81.981735229492
81.942459106445
81.948135375977
81.981666564941
81.971755981445
81.963340759277
81.951248168945
81.970092773438
81.95044708252
81.932754516602
81.964744567871
82.027946472168
82.030166625977
81.983871459961
82.000999450684
81.946449279785
81.97924041748
82.004318237305
82.002723693848
81.981269836426
81.963386535645
81.97541809082
81.985961914062
82.039978027344
81.953384399414
81.960472106934
81.962661743164
81.956489562988
82.049293518066
81.958618164062
81.947616577148
82.012420654297
81.989486694336
81.961334228516
81.967712402344
81.997192382812
82.040550231934
81.979309082031
81.980194091797
81.949737548828
81.98006439209
81.998687744141
81.99919128418
81.991989135742
81.981025695801
81.976196289062
81.960876464844
81.978797912598
82.017654418945
81.979881286621
82.044639587402
82.015144348145
81.994873046875
82.01749420166
82.09986114502
82.609062194824
83.267570495605
83.608901977539
83.000846862793
83.682464599609
83.512672424316
83.476303100586
83.937339782715
83.778244018555
83.963073730469
83.895706176758
83.932441711426
83.989356994629
83.9892578125
83.901191711426
84.042686462402
84.026550292969
84.030548095703
83.998573303223
84.022979736328
84.065460205078
83.986999511719
83.996353149414
83.98592376709
83.993667602539
84.008636474609
84.151992797852
83.99560546875
84.130989074707
83.999130249023
83.990921020508
84.009429931641
83.984375
83.981491088867
83.98218536377
84.121421813965
84.004325866699
84.048294067383
83.996070861816
83.997451782227
84.087509155273
84.026664733887
84.001533508301
83.983787536621
84.01488494873
84.000213623047
83.991790771484
83.974090576172
83.984970092773
84.039535522461
84.019996643066
84.051666259766
84.043647766113
84.068733215332
84.022575378418
84.05037689209
83.980506896973
83.988555908203
84.018981933594
83.996673583984
84.001991271973
84.02091217041
84.290939331055
85.164268493652
84.374290466309
85.655151367188
85.585800170898
85.913467407227
85.760597229004
85.83903503418
85.966606140137
85.943656921387
85.927742004395
85.894004821777
85.822463989258
85.956901550293
85.950965881348
86.033645629883
85.997039794922
86.124549865723
85.999855041504
85.994659423828
86.154655456543
85.963882446289
85.995658874512
86.003288269043
86.037445068359
85.990760803223
86.095626831055
86.008613586426
86.024108886719
86.01537322998
86.005081176758
86.045692443848
85.995849609375
86.017127990723
86.121360778809
86.176879882812
85.988578796387
86.13410949707
86.004425048828
86.0205078125
85.979843139648
85.989189147949
85.988166809082
85.98673248291
85.992294311523
86.01180267334
86.014350891113
86.005722045898
86.01798248291
86.030342102051
86.090713500977
86.005882263184
85.974899291992
85.979034423828
85.965202331543
85.970962524414
85.970108032227
85.986549377441
85.98258972168
85.956451416016
85.979385375977
86.037437438965
86.006629943848
85.996139526367
85.971305847168
86.015525817871
85.994979858398
85.976898193359
85.988983154297
85.996711730957
86.035110473633
85.97053527832
85.975471496582
85.980331420898
85.979354858398
85.94849395752
85.984313964844
86.399444580078
87.202835083008
86.627494812012
87.471153259277
86.317321777344
87.976440429688
86.576164245605
87.878562927246
87.85018157959
87.57258605957
87.881881713867
87.769203186035
87.973419189453
87.875839233398
87.954467773438
87.785079956055
87.854179382324
87.982864379883
87.952850341797
88.01237487793
88.013984680176
87.995697021484
87.98087310791
87.969757080078
88.009559631348
87.980049133301
87.968269348145
87.963424682617
88.034851074219
87.968101501465
87.979286193848
87.971229553223
87.96647644043
87.986015319824
87.974983215332
87.990325927734
88.141273498535
87.992324829102
87.967727661133
87.992637634277
87.980628967285
87.973281860352
87.962280273438
88.026145935059
87.967376708984
87.969612121582
87.980537414551
88.250282287598
87.965545654297
87.966667175293
87.966812133789
87.967697143555
87.981575012207
87.938087463379
88.031700134277
88.244598388672
88.115852355957
87.994003295898
88.103515625
87.980628967285
88.159805297852
88.006378173828
88.000534057617
87.976699829102
87.95532989502
87.982757568359
88.010185241699
87.975090026855
87.949325561523
88.381942749023
88.036804199219
88.267280578613
88.559989929199
88.31324005127
88.723213195801
88.278770446777
88.680709838867
88.239242553711
88.738800048828
88.166236877441
88.825637817383
88.537452697754
88.958824157715
88.48567199707
89.01001739502
88.903991699219
88.969337463379
88.910125732422
89.019920349121
88.928237915039
88.997718811035
88.997985839844
88.975830078125
88.992500305176
88.93586730957
88.974227905273
89.064552307129
88.991821289062
88.957008361816
88.987380981445
88.993667602539
88.961486816406
88.947975158691
89.025016784668
88.998466491699
89.023895263672
88.994934082031
88.966644287109
89.005912780762
88.98509979248
88.973724365234
89.052696228027
88.926963806152
88.949645996094
88.969528198242
88.970863342285
89.023231506348
88.928504943848
88.92276763916
89.004371643066
88.959571838379
89.000839233398
89.007942199707
88.983108520508
88.916152954102
89.035118103027
88.979164123535
88.986480712891
89.023056030273
90.12703704834
90.61255645752
90.385444641113
90.919311523438
90.755065917969
90.805969238281
90.960266113281
90.922348022461
90.97078704834
90.909721374512
90.911773681641
90.972373962402
90.953079223633
90.940231323242
90.99146270752
90.981239318848
90.932289123535
90.961738586426
90.76634979248
90.949111938477
89.537139892578
90.393844604492
90.911254882812
90.300491333008
90.259757995605
90.967193603516
90.962257385254
57.492286682129
57.514347076416
91.29914855957
57.481636047363
91.289962768555
91.376800537109
57.715473175049
57.390300750732
57.750194549561
57.618671417236
57.999572753906
57.961833953857
57.868049621582
58.028099060059
57.980388641357
57.956314086914
57.705825805664
57.608360290527
57.692527770996
91.192070007324
57.664539337158
91.38631439209
91.439865112305
91.110458374023
91.277069091797
91.065132141113
91.000282287598
91.084823608398
90.995483398438
91.080070495605
91.040237426758
90.993194580078
91.161239624023
91.021636962891
91.176704406738
91.528930664062
91.658966064453
92.83292388916
92.836196899414
92.943969726562
92.671951293945
92.928382873535
92.874549865723
92.899612426758
92.964019775391
92.852470397949
92.916641235352
92.926689147949
92.975852966309
92.955665588379
92.98412322998
92.893531799316
92.933990478516
92.996528625488
93.908561706543
92.977348327637
93.322395324707
93.300407409668
93.029792785645
93.037231445312
93.031021118164
92.974174499512
92.967391967773
92.987525939941
92.997657775879
92.978843688965
92.995109558105
93.014762878418
92.968688964844
92.98706817627
92.982833862305
92.973274230957
93.001968383789
92.961120605469
92.965431213379
92.943138122559
92.953392028809
92.959457397461
92.95711517334
92.967636108398
92.96800994873
92.944137573242
92.979225158691
92.993492126465
93.165077209473
92.976081848145
92.999122619629
92.957229614258
92.964363098145
93.002716064453
93.015129089355
93.040313720703
93.688232421875
93.156669616699
93.97093963623
93.812110900879
93.953903198242
93.979797363281
93.921119689941
93.957504272461
93.986289978027
93.898864746094
93.970237731934
93.952041625977
93.940185546875
94.003479003906
93.962287902832
93.987327575684
93.981483459473
93.973480224609
93.981979370117
93.984909057617
93.97834777832
93.980598449707
93.96150970459
93.979644775391
94.000045776367
94.056465148926
93.993469238281
94.002410888672
94.025726318359
93.98787689209
93.998718261719
94.001426696777
94.00316619873
93.992904663086
93.980041503906
93.966918945312
93.989105224609
93.989517211914
93.971435546875
93.992202758789
94.584594726562
94.034622192383
95.447914123535
95.780982971191
95.508743286133
95.965942382812
95.936050415039
95.986831665039
95.743095397949
95.989959716797
95.967178344727
95.915168762207
95.929374694824
95.973068237305
95.462615966797
95.950752258301
95.993576049805
95.843605041504
95.975608825684
95.995613098145
95.963043212891
95.96704864502
95.970275878906
95.975326538086
95.979888916016
95.972290039062
95.988586425781
96.002288818359
95.977890014648
96.021461486816
95.971824645996
96.053771972656
95.965950012207
96.005332946777
96.030738830566
95.956466674805
96.017051696777
95.997604370117
96.017677307129
96.014991760254
96.013618469238
95.998657226562
96.017807006836
95.980461120605
96.019622802734
95.994812011719
95.969841003418
95.958015441895
95.965003967285
95.991195678711
95.970520019531
97.507904052734
96.034530639648
97.555969238281
96.74169921875
97.734512329102
96.819519042969
97.657943725586
97.79280090332
97.81803894043
97.829704284668
97.910652160645
97.95580291748
97.994369506836
97.972839355469
97.970428466797
97.907661437988
97.950973510742
97.953918457031
97.977340698242
97.970962524414
98.008430480957
97.989791870117
98.045272827148
97.997734069824
98.002769470215
97.994537353516
97.993453979492
97.983734130859
97.983200073242
98.007949829102
97.963653564453
97.993049621582
97.976165771484
97.951972961426
98.00366973877
97.963150024414
97.970062255859
97.96549987793
97.945159912109
97.957313537598
97.947631835938
97.962226867676
97.917129516602
97.961624145508
97.971710205078
97.967384338379
97.968406677246
97.920738220215
97.982803344727
97.980628967285
98.010299682617
97.998809814453
97.980133056641
97.987609863281
97.980995178223
98.025459289551
98.005882263184
97.982627868652
98.022872924805
98.011611938477
98.036193847656
97.962135314941
97.980255126953
97.967063903809
97.965171813965
98.020301818848
98.006240844727
98.028686523438
98.995849609375
98.139091491699
99.744239807129
98.583976745605
99.551498413086
98.640930175781
99.311088562012
99.944114685059
99.684150695801
99.985397338867
99.978286743164
99.98371887207
99.900062561035
99.990081787109
100.00102233887
99.993957519531
100.01187133789
100.01462554932
100.00831604004
99.997779846191
99.994720458984
99.992538452148
100.0397644043
100.00637054443
100.00874328613
98.448143005371
99.74779510498
99.294067382812
99.768310546875
99.691268920898
99.959915161133
99.889831542969
99.783081054688
99.670127868652
99.579650878906
99.858703613281
99.81591796875
99.958877563477
99.914245605469
99.989120483398
99.783073425293
100.00672912598
99.895004272461
100.02166748047
99.994781494141
100.01350402832
100.00969696045
100.02391815186
100.02542877197
100.0132598877
100.03621673584
99.998954772949
100.03874969482
100.00898742676
100.02539825439
100.01592254639
100.02827453613
100.01481628418
100.04840087891
100.01770019531
100.03948974609
100.03944396973
100.04643249512
100.04321289062
100.09650421143
100.15006256104
100.14808654785
88.23567199707
100.20401763916
53.066383361816
88.292793273926
52.134784698486
52.03881072998
52.20352935791
52.181003570557
53.103366851807
53.077114105225
53.068336486816
53.035919189453
53.016090393066
53.057621002197
53.082019805908
53.046516418457
54.212482452393
53.070743560791
54.206829071045
52.997646331787
52.938743591309
52.920192718506
53.004325866699
52.994964599609
54.214496612549
54.211265563965
54.209815979004
102.17323303223
100.29740905762
100.70004272461
100.19049072266
101.13646697998
100.00326538086
100.25833892822
100.00106811523
100.24508666992
100.00016021729
100.06917572021
99.992538452148
100.04968261719
100.05369567871
100.02066040039
100.00975799561
99.991317749023
100.01530456543
99.626625061035
100.08815002441
99.990829467773
100.05813598633
100.00164794922
100.03293609619
99.993324279785
100.02093505859
100.01182556152
100.0181427002
99.984413146973
99.997055053711
99.986343383789
100.01091003418
99.998229980469
100.02880096436
99.989723205566
99.978614807129
99.984954833984
99.988952636719
99.99348449707
99.993713378906
99.976745605469
99.992523193359
99.997924804688
99.991333007812
100.01023864746
99.995765686035
100.04651641846
100.00895690918
100.05453491211
100.02627563477
100.03310394287
100.06734466553
100.11839294434