43.118423461914
43.30152130127
42.983787536621
42.93775177002
43.081756591797
43.051246643066
43.17147064209
43.305057525635
42.898632049561
43.293621063232
42.929481506348
42.971649169922
42.234783172607
43.237655639648
43.313789367676
43.109043121338
42.812843322754
43.301975250244
43.15763092041
43.06404876709
43.231986999512
43.344036102295
43.311191558838
43.063491821289
43.312206268311
43.065338134766
43.514381408691
43.253326416016
43.305065155029
43.179538726807
43.305648803711
42.926368713379
43.318672180176
42.778938293457
43.108005523682
43.321182250977
43.202003479004
43.299049377441
43.346008300781
43.302139282227
43.067882537842
43.083656311035
42.874725341797
43.077697753906
43.05477142334
43.266887664795
43.007801055908
43.39444732666
42.997264862061
43.101978302002
43.146896362305
43.089546203613
43.322715759277
43.05265045166
42.999904632568
43.03088760376
43.312370300293
42.982166290283
43.305137634277
43.172817230225
43.378726959229
42.92395401001
43.067825317383
42.866455078125
42.949829101562
42.86506652832
43.16524887085
43.014099121094
43.066455841064
43.102085113525
43.092010498047
43.304634094238
42.825954437256
43.188167572021
42.906867980957
43.023948669434
42.918952941895
43.297668457031
43.138519287109
43.625099182129
43.305763244629
42.93628692627
43.324119567871
43.343891143799
43.250366210938
43.136222839355
43.320182800293
43.539398193359
43.700000762939
43.531188964844
43.206474304199
43.053958892822
42.982696533203
43.011028289795
43.441535949707
43.194725036621
43.281932830811
43.036064147949
43.298439025879
43.133460998535
43.306976318359
42.932037353516
43.339824676514
42.995670318604
43.138980865479
43.238166809082
42.992858886719
43.519664764404
43.138252258301
43.325576782227
43.269824981689
43.05834197998
42.236591339111
43.161796569824
42.827129364014
42.799869537354
43.329032897949
43.024715423584
42.941158294678
42.945610046387
43.327575683594
42.235717773438
43.051731109619
42.23607635498
42.989532470703
42.967781066895
43.67684173584
43.300575256348
43.008804321289
43.309120178223
43.000598907471
47.216293334961
47.995697021484
47.218688964844
47.931575775146
48.076133728027
47.953266143799
47.22013092041
48.103660583496
47.924114227295
47.217388153076
47.217681884766
47.907878875732
47.973575592041
48.051071166992
47.218059539795
48.062698364258
47.217491149902
48.04320526123
47.922157287598
48.037544250488
47.216075897217
47.997692108154
47.220821380615
48.059242248535
48.203887939453
47.997104644775
48.317462921143
47.981704711914
48.189281463623
47.218173980713
48.149147033691
48.064727783203
47.948223114014
48.102848052979
47.900802612305
48.228828430176
47.216896057129
48.106872558594
47.219127655029
47.958343505859
48.05978012085
47.217441558838
47.969707489014
47.220222473145
48.110168457031
48.03889465332
47.217460632324
47.948554992676
47.217182159424
47.942943572998
47.937843322754
47.218128204346
47.966583251953
47.216583251953
47.219169616699
48.011280059814
47.935390472412
47.996440887451
47.214916229248
48.029972076416
47.997146606445
47.942497253418
48.12353515625
47.218544006348
47.21732711792
48.137714385986
47.21773147583
48.039325714111
47.979995727539
47.965469360352
48.099166870117
47.217712402344
48.047752380371
47.216987609863
47.220222473145
48.01594543457
47.215488433838
48.046783447266
47.218650817871
47.936084747314
47.220447540283
47.215579986572
47.972297668457
47.953056335449
47.218933105469
48.065273284912
47.219135284424
47.993007659912
48.096809387207
47.217529296875
48.016166687012
47.922756195068
47.216846466064
48.012893676758
47.904972076416
47.939632415771
47.929470062256
47.926837921143
48.138118743896
54.235679626465
54.242336273193
54.884086608887
55.037445068359
55.003349304199
55.050899505615
54.895839691162
54.93733215332
54.809944152832
36.709121704102
36.709060668945
48.3893699646
47.21658706665
48.032806396484
54.243347167969
54.24019241333
36.707584381104
47.213924407959
47.218357086182
47.219562530518
48.047626495361
47.983497619629
54.240993499756
54.229549407959
36.707389831543
36.707286834717
36.709354400635
36.708862304688
54.230117797852
54.858779907227
54.876445770264
54.915767669678
54.838638305664
54.237442016602
54.23258972168
55.07494354248
55.048336029053
54.954753875732
54.969024658203
54.962314605713
54.753982543945
54.912322998047
54.818183898926
54.85294342041
54.865367889404
54.87158203125
54.900459289551
55.037265777588
55.061569213867
54.962833404541
54.988185882568
54.98070526123
55.00354385376
55.039268493652
55.045928955078
54.911205291748
54.984447479248
55.15172958374
55.08283996582
55.009490966797
54.901611328125
55.003108978271
54.936412811279
55.104656219482
55.09839630127
55.073711395264
54.92448425293
55.228782653809
54.974674224854
54.979064941406
54.856132507324
54.975765228271
55.131324768066
55.11784362793
54.954959869385
55.068283081055
55.089172363281
54.944648742676
55.029933929443
54.987373352051
55.00951385498
55.092094421387
54.857173919678
55.027774810791
55.014240264893
54.912197113037
55.049560546875
55.078643798828
54.912097930908
55.026103973389
55.017559051514
55.040050506592
55.100067138672
55.014495849609
54.935733795166
54.946998596191
55.01188659668
55.123294830322
55.077354431152
54.922752380371
54.885025024414
54.904724121094
54.868007659912
54.840961456299
54.862491607666
54.828117370605
54.833377838135
54.995029449463
55.042457580566
55.038280487061
55.018768310547
54.930877685547
55.035629272461
55.032585144043
54.911987304688
54.984817504883
55.061702728271
54.924404144287
54.994079589844
54.979133605957
55.082984924316
55.045791625977
54.94803237915
54.878131866455
54.790843963623
54.811756134033
54.933921813965
54.804130554199
54.826568603516
55.266174316406
54.241619110107
54.883609771729
54.938625335693
54.993381500244
56.422618865967
57.734004974365
55.388710021973
57.347640991211
59.892417907715
59.231483459473
59.221195220947
59.224254608154
59.225292205811
57.871395111084
57.310958862305
58.281787872314
58.11323928833
59.229179382324
59.229953765869
59.228775024414
47.951602935791
48.028450012207
48.062969207764
48.014579772949
47.942771911621
47.945583343506
48.111045837402
48.011085510254
60.058441162109
59.982189178467
59.956928253174
60.167148590088
59.996189117432
60.030826568604
59.977439880371
59.972354888916
50.345596313477
60.109149932861
59.995376586914
59.865161895752
60.03148651123
59.240489959717
59.99405670166
60.133377075195
59.966312408447
60.005104064941
59.234615325928
60.078067779541
59.936492919922
60.000846862793
60.047950744629
60.11661529541
59.970600128174
60.02806854248
60.028007507324
59.967350006104
60.083423614502
60.083415985107
60.003402709961
60.082653045654
60.063877105713
60.127597808838
59.977542877197
59.898658752441
59.238182067871
60.04443359375
59.937507629395
59.997249603271
59.93970489502
59.904361724854
60.023994445801
60.082973480225
60.079208374023
60.031955718994
60.066776275635
60.06840133667
60.016918182373
60.076389312744
59.919017791748
60.073627471924
60.059116363525
59.998588562012
59.989276885986
60.001914978027
60.092842102051
60.032684326172
59.922046661377
59.994209289551
59.909065246582
59.968578338623
59.238105773926
60.009437561035
59.954349517822
60.044116973877
59.988834381104
60.062789916992
60.090034484863
60.046089172363
59.905029296875
59.929008483887
60.059055328369
60.015731811523
59.906097412109
60.042850494385
60.140132904053
63.847503662109
63.667922973633
63.926914215088
63.743194580078
63.792419433594
63.775894165039
60.131286621094
63.364559173584
64.153282165527
64.029266357422
64.067489624023
62.516300201416
62.516712188721
62.370254516602
50.353267669678
61.915649414062
62.009883880615
62.03288269043
62.260734558105
62.212017059326
62.195449829102
62.084510803223
62.332229614258
62.21337890625
62.1872215271
63.2145652771
61.967319488525
61.943241119385
63.315887451172
63.378364562988
62.431510925293
62.322154998779
62.005462646484
61.502902984619
62.042957305908
62.052021026611
62.259075164795
63.857639312744
62.131839752197
62.065944671631
61.871402740479
42.965324401855
61.570846557617
61.971206665039
62.16206741333
62.154346466064
43.104301452637
61.91609954834
62.260620117188
61.893630981445
62.106887817383
62.181056976318
62.337982177734
61.917209625244
61.997066497803
62.032665252686
43.026340484619
62.097759246826
62.113460540771
43.059478759766
43.044651031494
62.476768493652
43.022136688232
43.108562469482
43.006935119629
44.054298400879
62.258152008057
42.911766052246
43.0032081604
62.001518249512
62.209911346436
42.918991088867
62.060752868652
62.019199371338
50.345489501953
50.350879669189
62.334255218506
62.230918884277
42.851848602295
62.039733886719
62.245849609375
62.050361633301
42.954658508301
62.065933227539
62.201473236084
61.984920501709
42.856986999512
61.939102172852
62.23754119873
62.163208007812
62.234539031982
62.054500579834
61.538856506348
62.266529083252
62.24877166748
62.14236831665
62.335269927979
61.815853118896
62.090148925781
62.079814910889
62.054431915283
43.11841583252
42.98299407959
43.315208435059
43.311134338379
64.03084564209
63.864147186279
64.090751647949
43.188865661621
43.878932952881
64.107521057129
63.963947296143
64.00740814209
64.02872467041
63.965812683105
44.541511535645
64.00122833252
64.158157348633
64.055557250977
52.113708496094
44.561141967773
64.043731689453
64.221343994141
64.166488647461
64.074554443359
64.060737609863
63.992107391357
64.037124633789
44.539794921875
45.097152709961
64.120216369629
64.039215087891
64.10334777832
64.137847900391
64.195327758789
44.554904937744
64.072937011719
64.077781677246
44.540817260742
44.557220458984
64.143981933594
64.079513549805
44.555015563965
64.171463012695
64.236915588379
64.056838989258
64.151313781738
64.090103149414
64.18367767334
64.062072753906
64.198837280273
64.130767822266
45.057998657227
44.550537109375
64.13508605957
64.115447998047
64.04411315918
64.06608581543
64.134407043457
63.961841583252
64.034713745117
44.562694549561
63.639049530029
52.017520904541
63.97469329834
64.014717102051
64.010215759277
63.969623565674
63.995258331299
64.017669677734
64.015060424805
64.059005737305
63.984783172607
51.782253265381
44.550647735596
64.164825439453
63.361846923828
64.057083129883
63.996349334717
63.996723175049
64.028686523438
63.97095489502
64.002349853516
64.155113220215
44.553134918213
64.130859375
64.127143859863
64.553596496582
64.529075622559
64.820587158203
66.172096252441
65.230598449707
64.986198425293
65.132820129395
65.143096923828
65.27587890625
65.226928710938
65.020408630371
65.186073303223
46.142475128174
65.461380004883
65.042427062988
65.258087158203
64.970268249512
65.267822265625
65.241027832031
65.19766998291
65.195556640625
65.11247253418
65.278541564941
65.31861114502
65.196731567383
65.055717468262
65.10913848877
65.093719482422
65.088180541992
65.140434265137
65.045425415039
65.068740844727
64.976829528809
65.014106750488
64.934768676758
65.023468017578
65.015930175781
64.982749938965
65.043327331543
65.27180480957
65.329132080078
65.14217376709
65.211303710938
65.138328552246
65.163215637207
65.053581237793
65.046676635742
65.093238830566
65.052833557129
65.180130004883
65.10034942627
65.127632141113
65.096450805664
64.94310760498
65.039306640625
65.109916687012
65.042594909668
65.093322753906
65.029167175293
65.055740356445
65.042434692383
65.038909912109
65.152801513672
65.087333679199
65.096160888672
65.041473388672
65.375961303711
66.172309875488
65.067207336426
65.131378173828
65.351028442383
45.944396972656
65.168357849121
65.038589477539
45.95832824707
65.235984802246
65.009887695312
65.088897705078
64.989128112793
64.896614074707
64.28214263916
64.060356140137
64.0810546875
52.5283203125
64.269027709961
64.986030578613
65.242729187012
65.023254394531
65.024002075195
64.943801879883
64.930389404297
65.124534606934
65.090789794922
65.013114929199
64.897323608398
64.978843688965
65.170791625977
65.307556152344
64.97191619873
64.977424621582
65.503189086914
65.22095489502
65.119483947754
65.048095703125
65.082717895508
65.507995605469
45.705951690674
65.504753112793
66.922981262207
66.819374084473
66.218574523926
66.184288024902
65.048797607422
65.231872558594
66.189750671387
65.187088012695
65.58927154541
65.454788208008
66.238861083984
66.242729187012
66.994789123535
67.062042236328
42.921943664551
67.474960327148
66.973434448242
67.149032592773
67.032234191895
67.057762145996
67.063385009766
66.887504577637
66.843673706055
66.244018554688
67.138450622559
67.196655273438
67.192535400391
66.888748168945
67.286956787109
67.478225708008
67.072174072266
43.1936378479
67.125747680664
67.061660766602
67.07787322998
67.281280517578
67.035171508789
67.17586517334
67.109893798828
67.166839599609
66.963027954102
67.036186218262
67.083824157715
67.026908874512
67.033905029297
67.022262573242
67.11206817627
67.007568359375
67.077461242676
67.049285888672
67.116798400879
67.106231689453
67.230155944824
67.036842346191
67.041442871094
67.024017333984
67.174545288086
67.030670166016
67.050773620605
66.996948242188
67.022277832031
67.011978149414
67.03963470459
67.004028320312
67.040283203125
66.922630310059
67.015785217285
66.984870910645
67.046058654785
67.040237426758
67.003150939941
67.096893310547
67.04997253418
67.131614685059
66.985725402832
67.152038574219
47.823913574219
68.940437316895
68.83097076416
68.930969238281
68.870429992676
68.863319396973
68.95435333252
68.87190246582
68.56086730957
68.723327636719
68.638244628906
68.793235778809
68.759002685547
68.537712097168
68.482849121094
68.633697509766
68.659339904785
68.804428100586
68.880355834961
68.822090148926
69.070747375488
68.924301147461
47.196922302246
68.969207763672
68.927391052246
68.997543334961
69.009063720703
68.988311767578
68.983215332031
69.031669616699
69.094207763672
69.024085998535
68.993675231934
68.998428344727
69.037094116211
69.202507019043
69.048919677734
69.061279296875
69.084419250488
69.077964782715
69.071258544922
69.050552368164
69.061012268066
69.069351196289
69.032173156738
69.006408691406
69.044822692871
69.018592834473
69.013313293457
68.948280334473
68.988418579102
69.063415527344
68.934761047363
69.034385681152
69.094573974609
69.013648986816
69.050468444824
69.041603088379
69.03426361084
69.135864257812
69.119758605957
69.05020904541
69.065582275391
69.080543518066
68.988800048828
69.062927246094
69.834930419922
69.990859985352
70.021362304688
69.92977142334
69.875022888184
69.680320739746
69.955505371094
69.964904785156
70.041046142578
69.956237792969
69.900123596191
70.002883911133
69.992179870605
69.927452087402
69.985488891602
70.032539367676
70.019729614258
70.021675109863
70.026870727539
69.925033569336
70.051544189453
70.007484436035
70.010986328125
70.012092590332
69.98957824707
70.024536132812
70.04076385498
70.079223632812
69.977462768555
70.057487487793
70.122222900391
69.982475280762
69.992118835449
70.062507629395
70.053810119629
70.111618041992
69.970428466797
70.008819580078
70.018409729004
69.975379943848
70.047904968262
70.097053527832
70.009826660156
69.983062744141
70.034004211426
69.983749389648
70.024711608887
70.122825622559
69.997131347656
70.02409362793
70.015869140625
70.000846862793
70.004501342773
70.055328369141
69.99186706543
70.03889465332
70.01294708252
70.029296875
70.023048400879
69.980895996094
70.020210266113
70.027191162109
69.94312286377
69.97972869873
70.003578186035
69.970695495605
70.010437011719
69.963111877441
69.949592590332
69.969886779785
70.005065917969
70.055046081543
50.873863220215
70.382553100586
50.385108947754
46.099704742432
71.864624023438
71.756950378418
70.955230712891
70.321296691895
71.819580078125
71.719131469727
71.491569519043
71.89379119873
71.779067993164
71.968704223633
71.908447265625
71.910186767578
71.990875244141
72.062675476074
72.055625915527
71.979690551758
72.093551635742
71.93921661377
72.006439208984
72.071968078613
72.066581726074
72.004989624023
72.020233154297
72.006149291992
72.054489135742
72.033660888672
71.992027282715
71.993309020996
72.066474914551
72.006683349609
72.086090087891
72.017852783203
72.004409790039
72.04077911377
71.994262695312
72.041770935059
72.153396606445
72.00218963623
72.062103271484
72.187644958496
71.984565734863
72.053375244141
72.099708557129
71.995307922363
72.027908325195
72.028419494629
72.023620605469
72.007736206055
72.07527923584
46.434795379639
73.992973327637
74.00757598877
72.13680267334
72.54532623291
72.904754638672
72.667427062988
73.954238891602
73.957801818848
73.429389953613
72.628639221191
72.656669616699
72.445823669434
73.252616882324
73.42227935791
73.550224304199
73.456573486328
73.475288391113
73.986145019531
73.966804504395
73.959884643555
73.933586120605
73.960289001465
73.994155883789
73.960075378418
73.98112487793
73.963081359863
73.960403442383
73.97599029541
73.968299865723
74.073455810547
74.228393554688
73.970222473145
74.000198364258
73.982131958008
73.947761535645
73.951225280762
74.048004150391
74.044586181641
74.048141479492
74.02564239502
74.003425598145
73.962997436523
73.987098693848
73.991073608398
75.654273986816
75.836128234863
75.302116394043
75.701202392578
75.368049621582
74.25756072998
74.580795288086
75.128707885742
74.264724731445
74.150825500488
75.585159301758
74.771781921387
74.302322387695
74.031478881836
74.28377532959
74.307464599609
74.032806396484
74.208419799805
74.546875
74.162132263184
74.056785583496
74.275573730469
74.131500244141
74.071098327637
73.974151611328
74.091033935547
74.162384033203
74.085250854492
73.988388061523
74.051879882812
73.989082336426
73.979309082031
73.979209899902
73.964172363281
73.994918823242
73.990921020508
73.988136291504
74.033142089844
74.026657104492
74.176940917969
75.146621704102
74.670295715332
74.27734375
75.963943481445
75.051025390625
74.363128662109
74.890548706055
74.45467376709
75.863792419434
75.842933654785
75.737335205078
75.86360168457
75.814842224121
75.84098815918
75.911567687988
75.736022949219
75.785552978516
75.943572998047
75.885810852051
75.697204589844
75.974174499512
75.958892822266
76.013153076172
76.003761291504
76.000015258789
75.984985351562
75.982795715332
76.001556396484
76.001884460449
75.981895446777
75.995330810547
76.006645202637
75.988647460938
76.007637023926
75.998374938965
75.999008178711
76.018020629883
75.999954223633
76.005332946777
75.99186706543
76.058715820312
76.817863464355
76.43579864502
76.577644348145
76.801055908203
76.35466003418
76.735893249512
76.954170227051
76.840682983398
76.187202453613
76.167694091797
76.571563720703
76.24015045166
76.195999145508
76.450508117676
75.973648071289
75.989486694336
76.016540527344
75.99488067627
76.02912902832
76.12410736084
75.974472045898
76.020668029785
76.00617980957
75.978034973145
75.980102539062
76.015815734863
76.260147094727
76.046890258789
76.034370422363
76.911697387695
76.56477355957
76.048538208008
78.260414123535
78.300849914551
77.044982910156
78.299346923828
78.184616088867
78.26416015625
78.15372467041
77.610481262207
78.317588806152
78.72282409668
77.626998901367
77.088333129883
77.808372497559
77.392150878906
78.118408203125
77.519462585449
78.320831298828
77.292556762695
76.996894836426
77.425689697266
77.010917663574
77.016105651855
77.052383422852
77.612602233887
76.965629577637
77.005729675293
76.912162780762
76.968208312988
76.965751647949
76.955688476562
76.990539550781
76.97477722168
77.006172180176
76.990653991699
77.009819030762
76.989326477051
76.951904296875
76.96996307373
76.055824279785
76.513473510742
76.175682067871
76.247589111328
76.709785461426
76.827087402344
76.598602294922
76.219711303711
76.960662841797
76.772918701172
76.055862426758
76.386581420898
76.571830749512
76.136596679688
76.638961791992
76.964904785156
76.29451751709
75.995613098145
76.357383728027
76.067115783691
76.018173217773
76.01798248291
76.068389892578
76.178062438965
75.970558166504
75.998161315918
76.118576049805
75.955474853516
75.959182739258
75.960906982422
75.969856262207
75.981597900391
75.941856384277
75.978607177734
75.98388671875
75.941940307617
75.979850769043
75.982192993164
75.984489440918
75.991401672363
76.026542663574
75.991256713867
76.073402404785
76.023483276367
75.97541809082
75.98021697998
75.961715698242
75.973205566406
75.963836669922
75.950607299805
75.958000183105
75.956855773926
75.972175598145
75.961921691895
75.9287109375
75.962501525879
75.955154418945
75.924858093262
75.975875854492
75.937950134277
75.923606872559
75.9765625
75.965347290039
76.00040435791
75.981895446777
75.992248535156
75.903907775879
75.978019714355
75.927299499512
75.962333679199
75.940849304199
75.943161010742
75.989364624023
75.998039245605
75.949462890625
75.974655151367
75.972206115723
76.044258117676
75.998596191406
75.982063293457
75.967544555664
75.973915100098
75.980949401855
75.998870849609
76.039100646973
76.085800170898
76.65397644043
76.528190612793
76.092384338379
76.636497497559
76.533432006836
76.436988830566
76.948104858398
77.042739868164
76.946403503418
76.993202209473
77.049072265625
76.928161621094
76.889907836914
76.888336181641
76.944648742676
77.011894226074
76.708122253418
76.986114501953
77.032348632812
76.96509552002
76.912239074707
76.978302001953
77.022186279297
76.955345153809
76.92066192627
77.088172912598
76.953826904297
76.939826965332
76.968208312988
76.985801696777
77.005760192871
76.987419128418
77.025238037109
76.973564147949
76.977157592773
76.949806213379
76.925765991211
77.0126953125
77.078048706055
76.957550048828
77.000358581543
76.976318359375
77.13549041748
78.119682312012
77.028991699219
76.978103637695
77.039245605469
76.960342407227
76.986175537109
76.972305297852
76.961540222168
77.023483276367
63.0849609375
76.995246887207
77.056114196777
77.107070922852
77.038429260254
77.081634521484
64.853569030762
64.89453125
78.167930603027
77.390266418457
78.595550537109
78.127250671387
65.290313720703
60.162818908691
60.130390167236
65.905944824219
66.699073791504
66.298263549805
48.919033050537
65.886940002441
66.289184570312
43.141906738281
65.796180725098
78.988700866699
79.003143310547
79.170967102051
79.051666259766
79.006393432617
79.004501342773
79.080429077148
79.050277709961
78.97444152832
78.985069274902
79.025787353516
77.213394165039
78.137168884277
78.890129089355
78.841423034668
77.221725463867
77.091735839844
77.024940490723
76.960983276367
77.044082641602
77.046752929688
78.13257598877
77.017654418945
77.105567932129
76.953666687012
77.001838684082
76.992721557617
77.027778625488
77.01343536377
77.105155944824
77.025840759277
76.975532531738
77.017143249512
76.952926635742
77.008880615234
77.142211914062
77.052604675293
77.188430786133
77.02661895752
76.989952087402
76.97770690918
76.998977661133
77.038291931152
77.040184020996
76.982139587402
77.065589904785
77.017974853516
77.092315673828
77.032173156738
77.008026123047
77.005897521973
77.067306518555
77.01921081543
76.978881835938
76.973121643066
77.005912780762
78.899345397949
78.832405090332
80.720672607422
79.372688293457
80.650360107422
80.230751037598
80.105110168457
79.721351623535
79.528450012207
79.865409851074
80.044235229492
79.842071533203
79.078598022461
79.184463500977
79.294509887695
79.189910888672
79.63981628418
79.048004150391
79.037017822266
79.804641723633
79.30012512207
79.041015625
79.038063049316
79.000465393066
79.013137817383
78.992118835449
79.398788452148
78.973899841309
78.984352111816
78.987197875977
78.973297119141
78.93106842041
78.978607177734
78.984680175781
79.008285522461
79.016342163086
78.98405456543
78.954139709473
78.975402832031
78.976615905762
78.970108032227
78.927253723145
78.955421447754
78.91121673584
78.940872192383
78.975784301758
78.960906982422
78.963043212891
78.963340759277
77.030982971191
78.246360778809
78.907524108887
78.507698059082
78.969833374023
78.698020935059
77.44970703125
77.148155212402
78.233207702637
78.221557617188
78.288238525391
80.860176086426
80.478607177734
80.94123840332
80.676467895508
80.939933776855
80.975028991699
80.940628051758
80.929229736328
79.568428039551
80.416809082031
80.837745666504
80.594924926758
80.830101013184
80.892684936523
80.035263061523
79.705345153809
80.959838867188
80.151588439941
80.363906860352
80.813323974609
80.248802185059
80.758407592773
80.863464355469
80.33634185791
80.245933532715
80.952110290527
80.92049407959
80.816909790039
80.695198059082
80.98168182373
80.528923034668
80.97290802002
81.004745483398
80.895431518555
80.919563293457
80.955001831055
80.951057434082
80.967330932617
80.882865905762
80.97339630127
80.980606079102
81.038330078125
80.986907958984
80.969497680664
80.96068572998
81.009323120117
81.014419555664
80.999061584473
81.007865905762
81.073745727539
81.002624511719
81.003662109375
80.97924041748
80.980430603027
81.004837036133
81.964080810547
81.813217163086
81.605178833008
81.294425964355
81.484016418457
81.710144042969
81.924209594727
81.310516357422
81.349136352539
81.271926879883
81.584365844727
81.907859802246
81.212219238281
81.04711151123
81.047355651855
81.156623840332
81.319671630859
81.215599060059
81.278999328613
81.134086608887
81.968246459961
81.631553649902
81.938743591309
81.971069335938
81.988121032715
81.985076904297
81.968551635742
81.113037109375
81.16039276123
81.108070373535
81.199661254883
81.597427368164
81.054351806641
80.965644836426
80.99006652832
80.965698242188
81.309799194336
80.969390869141
81.008239746094
80.964492797852
80.986396789551
80.936492919922
80.977157592773
80.99235534668
80.982879638672
80.997459411621
81.015785217285
81.021286010742
80.976547241211
80.995147705078
81.064384460449
81.020133972168
80.980537414551
80.92610168457
80.983253479004
80.948509216309
80.93537902832
81.091903686523
80.968338012695
80.964462280273
80.959297180176
81.00057220459
81.048561096191
82.872009277344
81.68529510498
82.01927947998
81.751091003418
82.380905151367
82.547225952148
81.610107421875
82.002334594727
81.960174560547
82.047790527344
82.000205993652
81.99927520752
81.991638183594
81.969345092773
81.963279724121
81.916946411133
82.137031555176
82.029182434082
81.999534606934
82.010437011719
82.000732421875
82.085456848145
82.083953857422
81.976623535156
81.970855712891
81.980331420898
81.988739013672
81.989715576172
81.986663818359
81.972351074219
81.902229309082
81.954208374023
81.994087219238
82.00830078125
82.001815795898
81.988784790039
81.978218078613
81.985931396484
81.960060119629
81.966789245605
81.980773925781
81.964904785156
81.934524536133
81.960098266602
82.021842956543
81.994903564453
81.993186950684
81.985816955566
82.012145996094
82.108688354492
82.014068603516
83.122200012207
82.131843566895
82.081703186035
82.996566772461
82.578834533691
83.039047241211
81.962768554688
82.055267333984
82.149238586426
82.086479187012
83.481239318848
82.579879760742
83.540550231934
83.012832641602
82.948425292969
83.856536865234
82.945663452148
83.885040283203
83.199409484863
83.549652099609
83.407371520996
83.933547973633
83.864639282227
83.929977416992
83.740531921387
83.926239013672
83.931968688965
83.977088928223
83.661460876465
83.946319580078
83.905090332031
83.929954528809
83.94327545166
83.97826385498
83.961158752441
83.973426818848
83.979286193848
83.958671569824
83.868812561035
83.993072509766
83.985908508301
83.980102539062
83.996154785156
83.983268737793
83.988265991211
83.99796295166
84.078659057617
83.970100402832
83.957954406738
84.024864196777
83.993980407715
83.981292724609
83.932182312012
83.989944458008
84.025451660156
83.971313476562
83.941856384277
83.962028503418
83.938293457031
84.006622314453
83.994674682617
83.987693786621
83.984268188477
84.000099182129
84.036926269531
83.983581542969
84.002624511719
85.5107421875
84.164825439453
85.373756408691
84.967895507812
85.955184936523
85.97038269043
85.992858886719
85.962860107422
86.001266479492
85.918228149414
85.982704162598
85.956756591797
85.784980773926
85.046157836914
85.94164276123
85.913375854492
85.953994750977
85.978698730469
85.991943359375
85.974250793457
85.976379394531
85.940101623535
85.997512817383
86.006690979004
85.98380279541
85.950057983398
85.978042602539
85.994903564453
85.99983215332
85.973327636719
86.01570892334
85.972343444824
85.976470947266
85.960815429688
86.003623962402
85.992805480957
85.991012573242
85.976768493652
85.994430541992
85.975311279297
85.990119934082
85.969696044922
85.985992431641
85.984909057617
85.97013092041
85.979766845703
85.989280700684
85.984535217285
85.985252380371
85.983924865723
85.975227355957
85.992599487305
86.002006530762
85.988655090332
85.969848632812
85.978569030762
85.991302490234
85.984817504883
85.970397949219
85.995544433594
85.97679901123
85.951171875
85.969009399414
85.991180419922
85.970413208008
85.98388671875
86.079811096191
86.001098632812
86.96997833252
86.165115356445
87.651924133301
87.872627258301
87.866928100586
87.118125915527
87.77262878418
87.639221191406
87.97078704834
87.748039245605
87.925109863281
87.46183013916
87.889152526855
87.877494812012
87.74893951416
87.990264892578
87.313949584961
87.893821716309
87.90503692627
87.882873535156
87.977111816406
87.967384338379
87.957138061523
87.954704284668
87.951347351074
87.957824707031
87.97745513916
88.019187927246
88.056694030762
87.968620300293
87.968452453613
87.937484741211
88.014068603516
87.971702575684
87.953491210938
87.953536987305
87.992919921875
87.97444152832
87.966171264648
87.996780395508
88.035316467285
87.987747192383
88.023696899414
87.98486328125
88.01220703125
87.998001098633
88.029281616211
87.989837646484
88.018760681152
87.991851806641
88.029029846191
87.992607116699
88.048454284668
88.004539489746
88.014175415039
88.020721435547
87.990768432617
88.003700256348
88.001083374023
88.088500976562
87.958030700684
87.973022460938
87.973083496094
87.96044921875
87.940628051758
87.933151245117
87.990882873535
87.989227294922
87.944625854492
87.992225646973
87.995269775391
87.977508544922
87.954513549805
88.322303771973
88.047744750977
88.399314880371
88.643936157227
88.106086730957
88.567161560059
88.483367919922
88.51301574707
88.76139831543
88.610298156738
88.801727294922
88.506103515625
88.787406921387
88.82006072998
88.805763244629
88.906715393066
88.853332519531
88.952438354492
88.913459777832
88.958648681641
88.875129699707
88.996513366699
88.980529785156
88.973419189453
88.895927429199
88.984840393066
89.01065826416
88.98974609375
88.945663452148
88.955032348633
88.942321777344
88.962158203125
88.984970092773
88.955497741699
88.956604003906
89.01602935791
89.002578735352
88.972213745117
88.970260620117
89.009559631348
89.000694274902
88.942932128906
88.947875976562
88.962173461914
88.981735229492
88.982192993164
88.9638671875
89.015319824219
89.041481018066
88.986106872559
88.966293334961
88.929809570312
89.023834228516
89.015258789062
88.989036560059
90.528968811035
89.036849975586
90.679832458496
90.151954650879
90.827201843262
90.123023986816
90.855857849121
90.634735107422
90.867652893066
90.380271911621
90.944152832031
90.81071472168
90.905899047852
90.867790222168
90.927177429199
90.84432220459
90.921936035156
90.956932067871
90.953872680664
90.952003479004
90.955039978027
90.971839904785
90.951675415039
90.978630065918
91.017959594727
90.971855163574
90.971412658691
90.978744506836
91.002624511719
90.972282409668
90.975860595703
91.000221252441
90.992324829102
90.957794189453
90.966583251953
91.003311157227
90.983428955078
90.960304260254
90.991859436035
91.016250610352
90.95964050293
90.933616638184
90.980369567871
91.005264282227
90.97240447998
90.974739074707
90.920188903809
90.972869873047
90.939170837402
90.947387695312
90.951232910156
90.937568664551
90.970397949219
90.966278076172
90.98876953125
90.968719482422
90.973304748535
90.979881286621
90.971885681152
90.975357055664
90.984024047852
90.979499816895
90.969535827637
90.999565124512
90.974868774414
90.939407348633
92.874603271484
90.987030029297
92.084022521973
92.497276306152
92.489517211914
92.106147766113
92.737991333008
92.515213012695
92.503868103027
92.731742858887
92.68204498291
92.20352935791
92.850860595703
92.577690124512
92.668792724609
92.689407348633
92.98291015625
92.241500854492
92.947616577148
92.917282104492
92.952568054199
92.941383361816
92.961410522461
92.946762084961
92.956588745117
92.940887451172
92.952194213867
92.938911437988
92.941070556641
92.960723876953
92.899208068848
92.975303649902
92.907859802246
92.992805480957
93.017646789551
92.995048522949
92.914932250977
92.983825683594
92.918304443359
92.950782775879
92.92456817627
92.955055236816
92.935745239258
92.936492919922
92.993125915527
92.95352935791
92.95516204834
92.908027648926
92.960464477539
92.927536010742
92.954597473145
92.924743652344
92.963027954102
92.956497192383
92.966209411621
92.957366943359
92.961227416992
92.94743347168
92.948844909668
92.95263671875
93.394378662109
93.706367492676
93.575805664062
93.716529846191
93.866569519043
93.746810913086
93.931762695312
93.919883728027
93.831413269043
93.969604492188
93.934852600098
93.945892333984
93.987174987793
93.994979858398
93.952545166016
93.999137878418
93.971771240234
93.948936462402
93.997360229492
93.991729736328
93.96875
93.999969482422
93.983154296875
93.931900024414
93.968780517578
93.99577331543
93.956756591797
93.952980041504
93.977264404297
93.983337402344
93.982955932617
93.973686218262
93.979515075684
93.977890014648
93.97331237793
93.980003356934
93.977890014648
93.981071472168
93.980026245117
93.977447509766
93.982147216797
93.997924804688
93.978912353516
93.979309082031
93.989112854004
93.995780944824
93.96923828125
93.959121704102
93.983879089355
93.978469848633
93.98380279541
93.983016967773
93.999534606934
93.958854675293
93.962524414062
93.994911193848
93.988174438477
95.247451782227
94.045379638672
95.838386535645
94.92741394043
95.528717041016
95.902877807617
95.692802429199
95.630218505859
95.986770629883
95.893272399902
95.95645904541
95.993019104004
95.944038391113
95.971343994141
95.826385498047
95.951591491699
95.933715820312
95.908248901367
95.957496643066
95.989372253418
95.954307556152
96.01725769043
95.970024108887
96.014419555664
95.994758605957
95.970756530762
96.023338317871
95.988723754883
95.985305786133
95.987289428711
95.995864868164
95.983963012695
96.027572631836
95.990730285645
96.016006469727
95.964042663574
96.008155822754
95.995910644531
95.969261169434
95.970314025879
96.009658813477
95.990631103516
95.985054016113
96.005294799805
96.03547668457
95.979209899902
95.998886108398
96.041786193848
96.020431518555
96.0048828125
95.997337341309
96.013488769531
96.0537109375
96.034034729004
96.039909362793
95.999435424805
96.058982849121
96.124374389648
96.014419555664
96.090293884277
96.0322265625
84.116546630859
84.16731262207
96.146118164062
43.283344268799
77.208702087402
43.347049713135
77.197219848633
77.196151733398
43.317905426025
43.290187835693
43.269332885742
43.292125701904
43.306064605713
43.327484130859
43.25074005127
43.169708251953
43.196807861328
43.264190673828
43.123935699463
43.305160522461
43.300559997559
43.185794830322
43.19966506958
43.301887512207
43.10237121582
43.090766906738
43.305023193359
43.22188949585
43.334606170654
43.403427124023
43.303897857666
42.803115844727
43.310752868652
43.189468383789
43.314163208008
42.831027984619
43.174877166748
42.827651977539
43.155220031738
42.982292175293
43.133750915527
43.339900970459
42.888095855713
42.913963317871
42.984645843506
43.114151000977
42.881088256836
43.027442932129
42.987712860107
43.245708465576
43.00121307373
43.215766906738
43.014167785645
43.241287231445
43.365158081055
43.44913482666
42.871391296387
43.053157806396
43.307014465332
43.333999633789
43.238140106201
42.954772949219
43.196884155273
43.084609985352
43.275035858154
43.340911865234
43.313106536865
43.340423583984
43.347484588623
43.72509765625
43.45715713501
43.495403289795
43.135261535645
43.013580322266
42.934257507324
43.056186676025
43.353782653809
42.970390319824
43.29430770874
43.332626342773
43.116172790527
43.038055419922
43.020679473877
43.298160552979
43.166191101074
43.301074981689
43.360366821289
