69.0
69.0
69.0
69.0
69.0
69.0
69.0
69.0
69.0
69.0
69.0
69.0
69.0
69.0
69.0
69.0
69.0
69.0
69.0
45.179733276367
63.977237701416
63.980354309082
68.008766174316
76.307991027832
76.846214294434
66.179344177246
66.238807678223
66.18204498291
66.537742614746
76.864402770996
76.997787475586
76.960487365723
65.60612487793
65.316253662109
76.946426391602
65.135528564453
76.972900390625
76.875183105469
65.39778137207
49.690368652344
45.80651473999
65.097526550293
65.220024108887
66.190017700195
65.418449401855
65.497848510742
66.219108581543
65.470428466797
65.120750427246
65.195861816406
45.889194488525
45.906848907471
49.141883850098
45.841365814209
45.904300689697
45.996730804443
49.129371643066
76.962471008301
48.755435943604
48.317920684814
48.152286529541
48.388374328613
401031494
43.04598236084
43.314678192139
43.525932312012
43.32364654541
43.360862731934
43.127159118652
43.336666107178
43.502746582031
43.688446044922
43.36833190918
43.220703125
43.108264923096
43.075199127197
42.827575683594
43.157974243164
42.876113891602
43.166767120361
43.412719726562
43.131721496582
43.277130126953
43.05793762207
43.345794677734
43.3166847229
43.303890228271
43.41187286377
43.325672149658
42.757751464844
43.04203414917
43.138172149658
43.319427490234
42.957927703857
43.129989624023
42.841300964355
43.17036819458
42.236663818359
43.054386138916
42.236709594727
43.13826751709
43.204948425293
42.967876434326
43.072189331055
43.018402099609
43.090034484863
43.085418701172
43.308193206787
43.128433227539
43.277061462402
43.017082214355
43.246643066406
43.098297119141
43.101844787598
43.332656860352
43.098476409912
43.352024078369
42.952461242676
42.77681350708
42.979194641113
43.046142578125
42.759113311768
43.309623718262
42.892528533936
43.150741577148
43.205581665039
43.297443389893
43.328830718994
43.312957763672
43.33842086792
43.254360198975
43.24658203125
43.073669433594
43.312789916992
42.938957214355
43.248943328857
43.304264068604
43.362358093262
42.961929321289
43.346786499023
43.193077087402
43.320304870605
42.778648376465
43.149368286133
43.125965118408
43.109241485596
43.178047180176
43.418319702148
43.305397033691
43.056709289551
43.317626953125
43.126346588135
43.305618286133
43.004852294922
43.307094573975
43.005409240723
43.297428131104
42.952793121338
43.291896820068
42.237163543701
43.308612823486
43.005813598633
43.472846984863
42.877124786377
42.978534698486
43.26330947876
43.125350952148
43.063335418701
42.992012023926
43.300586700439
42.870937347412
43.002426147461
42.959827423096
43.220867156982
42.868633270264
43.175872802734
43.014053344727
43.274444580078
43.057334899902
43.131973266602
43.02400970459
43.151596069336
43.201816558838
43.19987487793
43.085372924805
42.915042877197
43.297794342041
42.929573059082
43.362728118896
43.354801177979
42.900814056396
42.952800750732
43.034786224365
43.18871307373
42.946170806885
43.835124969482
43.361423492432
43.750267028809
43.518333435059
44.536178588867
43.237186431885
43.121124267578
42.904712677002
43.108375549316
43.157619476318
43.299102783203
42.908962249756
43.228996276855
43.026111602783
43.017028808594
43.185340881348
43.236419677734
43.345329284668
43.497104644775
43.36555480957
43.289581298828
43.456058502197
43.396892547607
43.34880065918
43.341438293457
43.319679260254
43.048816680908
43.236862182617
43.096652984619
43.302787780762
43.301418304443
43.154689788818
42.790214538574
43.238441467285
43.156967163086
42.906631469727
43.309219360352
43.18872833252
43.297080993652
42.978294372559
43.393165588379
43.025798797607
43.110366821289
43.155475616455
43.308738708496
43.344367980957
43.332550048828
43.355304718018
43.064319610596
43.340408325195
43.355457305908
43.326370239258
42.76734161377
43.792095184326
43.141716003418
43.049133300781
42.235897064209
43.366104125977
43.354995727539
43.455402374268
43.633594512939
43.510162353516
43.338394165039
42.870536804199
43.308723449707
42.903179168701
43.373348236084
42.23331451416
42.233299255371
42.23327255249
42.230354309082
42.22834777832
42.233726501465
42.232482910156
42.232757568359
43.313270568848
42.947994232178
43.740097045898
43.740097045898
44.547012329102
43.358249664307
43.788909912109
43.788909912109
40.201923370361
40.191501617432
38.359767913818
47.203296661377
50.371940612793
47.21129989624
44.541301727295
42.843460083008
40.194618225098
40.196823120117
43.198753356934
42.805187225342
42.765102386475
42.234813690186
42.777355194092
42.233535766602
42.943374633789
43.137912750244
43.00857925415
42.789836883545
42.235828399658
42.236507415771
42.236507415771
42.233688354492
47.212516784668
42.959350585938
43.313659667969
43.09273147583
43.086765289307
42.934471130371
43.335426330566
43.007301330566
42.233303070068
42.233882904053
42.233547210693
42.235443115234
43.077236175537
43.205837249756
43.414573669434
42.870040893555
43.041191101074
43.262565612793
43.262565612793
42.917140960693
42.973232269287
43.082992553711
42.898742675781
43.015880584717
42.892604827881
44.541030883789
42.233695983887
43.871299743652
43.372459411621
43.309768676758
42.93745803833
42.876396179199
43.005508422852
42.930267333984
42.993976593018
43.211963653564
43.03938293457
42.786102294922
42.940856933594
43.300384521484
42.235992431641
43.03197479248
42.897487640381
43.092914581299
42.786670684814
43.321868896484
43.159893035889
42.904712677002
42.978965759277
42.233654022217
43.039989471436
43.167770385742
43.067451477051
42.801933288574
42.814796447754
43.622264862061
43.114318847656
42.234680175781
43.500877380371
43.67794418335
43.601127624512
44.541625976562
44.543216705322
44.545093536377
43.815704345703
43.772579193115
44.543636322021
45.529304504395
43.084228515625
42.921478271484
43.236427307129
42.234130859375
43.579822540283
43.407802581787
44.542655944824
44.542984008789
44.540855407715
44.542289733887
45.274238586426
45.835781097412
47.211750030518
46.371803283691
46.348579406738
47.210460662842
46.204021453857
46.142086029053
45.885257720947
46.466850280762
47.210578918457
45.774429321289
45.67138671875
47.21252822876
47.216548919678
47.215427398682
47.210796356201
46.338401794434
46.338401794434
45.61217880249
44.546821594238
45.717617034912
45.663421630859
46.286720275879
45.922637939453
45.903312683105
45.84419631958
45.530029296875
44.547214508057
45.400074005127
43.729846954346
45.263149261475
45.263149261475
45.263149261475
47.211318969727
47.213706970215
47.217178344727
46.292434692383
46.147487640381
45.874938964844
45.491855621338
45.645599365234
45.811706542969
45.913600921631
46.061489105225
45.91036605835
46.378673553467
45.309078216553
44.546253204346
45.457447052002
45.369228363037
44.54402923584
45.355278015137
44.546989440918
44.546989440918
47.206520080566
47.212516784668
47.216049194336
47.209384918213
45.845375061035
45.993698120117
44.547035217285
45.738288879395
45.82640838623
45.847915649414
46.101264953613
45.773742675781
45.630268096924
45.508739471436
44.546909332275
44.543354034424
44.541702270508
44.545558929443
44.545558929443
44.545558929443
44.545558929443
44.547103881836
47.212474822998
47.213554382324
47.209278106689
45.958129882812
46.05184173584
45.318885803223
46.02269744873
45.807201385498
46.076972961426
45.836303710938
45.919898986816
45.395214080811
45.487445831299
44.55110168457
44.546901702881
44.546901702881
44.546901702881
44.546901702881
44.546901702881
44.546901702881
45.419700622559
47.212146759033
47.211952209473
46.214317321777
47.204978942871
46.355716705322
45.982704162598
44.546508789062
45.516670227051
45.822582244873
45.771076202393
45.791263580322
45.827461242676
45.782165527344
45.264568328857
45.193946838379
44.546272277832
44.546272277832
44.546272277832
44.546272277832
44.546272277832
45.163963317871
44.548343658447
44.545150756836
44.545150756836
44.543685913086
43.772354125977
44.544368743896
44.544467926025
46.363605499268
47.207565307617
47.206912994385
48.028331756592
47.214778900146
47.211067199707
47.208831787109
47.2080078125
47.2080078125
47.2080078125
47.2080078125
47.2080078125
47.2080078125
47.2080078125
47.2080078125
47.2080078125
46.261711120605
46.261711120605
46.260177612305
45.399181365967
47.208503723145
47.213050842285
47.215969085693
47.208541870117
47.211006164551
47.211006164551
47.212203979492
47.214317321777
47.214317321777
47.214317321777
