48.558815002441
48.684276580811
45.657001495361
45.657001495361
44.546661376953
44.546661376953
48.107845306396
48.130908966064
48.832935333252
48.731105804443
47.205360412598
47.205360412598
47.205360412598
46.001373291016
44.55158996582
45.372253417969
45.830860137939
46.190643310547
47.21019744873
45.958625793457
45.230876922607
45.232307434082
45.313426971436
45.890075683594
46.118564605713
48.159778594971
48.662628173828
48.778129577637
47.210823059082
45.433464050293
44.550510406494
45.299873352051
45.097560882568
44.550720214844
45.231121063232
45.707859039307
45.284122467041
45.368522644043
44.550308227539
44.550708770752
44.551853179932
45.373542785645
44.551628112793
45.228450775146
45.32848739624
45.82092666626
45.828407287598
45.224220275879
44.549335479736
44.549453735352
44.549861907959
45.14030456543
45.221519470215
45.223377227783
44.549491882324
45.25114440918
44.547737121582
45.425964355469
45.152366638184
44.549194335938
45.244663238525
44.548500061035
44.548656463623
45.305416107178
44.550231933594
44.5475730896
44.549137115479
45.202175140381
44.547294616699
44.547824859619
45.135555267334
44.547401428223
44.548377990723
44.548118591309
50.359642028809
50.365711212158
50.363765716553
50.367656707764
50.363929748535
50.365230560303
50.36234664917
50.364978790283
50.365322113037
50.362892150879
50.364654541016
50.365295410156
50.364246368408
50.363632202148
50.364562988281
50.365234375
50.360622406006
49.470443725586
49.399822235107
50.365623474121
50.365158081055
50.364810943604
50.365634918213
50.364681243896
50.364067077637
50.36483001709
50.365280151367
50.365226745605
50.364654541016
50.364196777344
50.364368438721
50.364013671875
50.365283966064
50.364364624023
50.365028381348
50.364643096924
50.36547088623
50.363822937012
50.367351531982
50.364669799805
50.364368438721
50.364967346191
50.36515045166
50.36589050293
50.364673614502
50.365615844727
50.364051818848
50.365352630615
50.367073059082
50.365669250488
50.364818572998
50.365280151367
50.365776062012
50.364036560059
50.365085601807
50.365779876709
50.364822387695
50.365653991699
50.365573883057
50.365619659424
50.364795684814
50.364791870117
50.365386962891
50.364902496338
50.365413665771
50.364452362061
50.36531829834
50.364734649658
50.365646362305
50.363399505615
50.367347717285
50.365009307861
50.363609313965
50.364841461182
50.363719940186
50.364875793457
50.364139556885
50.363059997559
50.363250732422
50.365230560303
50.362415313721
49.273586273193
50.366706848145
50.365581512451
50.35640335083
50.359199523926
50.359016418457
50.363914489746
50.364414215088
50.361267089844
50.360889434814
49.146469116211
50.358734130859
49.395164489746
48.746032714844
48.883556365967
49.069854736328
49.318992614746
49.41512298584
49.049213409424
48.677417755127
49.401103973389
48.694625854492
48.913684844971
48.718765258789
48.011215209961
47.212875366211
47.211475372314
45.868854522705
45.788204193115
45.290958404541
46.242385864258
46.127635955811
45.62268447876
45.263576507568
46.2096824646
47.208869934082
46.361968994141
45.839347839355
46.021697998047
45.82299041748
45.285663604736
45.470523834229
45.128456115723
44.54899597168
44.550491333008
45.351791381836
45.388320922852
44.547210693359
44.546920776367
45.178062438965
44.547340393066
44.546981811523
45.314208984375
44.548164367676
44.547607421875
44.548366546631
45.267471313477
44.547050476074
44.548149108887
44.547096252441
45.347011566162
44.544361114502
44.541893005371
44.544036865234
44.54167175293
44.540802001953
44.545303344727
44.549045562744
44.546096801758
45.303737640381
45.215984344482
45.215984344482
45.215984344482
45.215984344482
45.215984344482
45.527545928955
45.527545928955
45.527545928955
45.771850585938
48.652404785156
48.652404785156
48.652404785156
44.54870223999
43.362964630127
44.545150756836
44.540058135986
45.296463012695
44.541530609131
44.546524047852
44.544952392578
44.549449920654
44.549034118652
44.546264648438
44.54655456543
44.545860290527
44.549533843994
47.209648132324
49.214042663574
45.223098754883
45.280158996582
44.546455383301
44.543880462646
44.54874420166
44.551223754883
44.545612335205
49.132305145264
50.36470413208
50.365009307861
50.365913391113
50.364860534668
50.365264892578
50.363475799561
50.36323928833
50.364616394043
50.361461639404
50.364517211914
50.364658355713
38.363349914551
38.36157989502
56.25040435791
56.538341522217
56.368434906006
56.694465637207
56.775672912598
56.880325317383
56.824920654297
56.662178039551
56.901737213135
56.851375579834
56.960243225098
56.906455993652
56.9147605896
56.969753265381
56.921138763428
56.883201599121
56.956657409668
56.91446685791
56.858776092529
56.984375
56.965976715088
56.979862213135
56.948467254639
56.975639343262
56.93514251709
56.932014465332
56.987384796143
56.986808776855
57.028053283691
56.955699920654
57.038032531738
56.887062072754
56.779304504395
56.981605529785
57.030113220215
56.902046203613
56.951835632324
56.954582214355
56.993183135986
57.017753601074
56.998416900635
57.030132293701
57.019046783447
57.013122558594
57.147525787354
57.013942718506
56.942150115967
56.899013519287
56.967277526855
56.905780792236
57.034923553467
56.915351867676
56.931468963623
57.009292602539
56.957969665527
56.931926727295
57.098331451416
56.970199584961
56.949859619141
56.854270935059
56.944469451904
56.93204498291
56.91138458252
57.016128540039
56.994606018066
56.830863952637
56.918758392334
56.99641418457
56.914733886719
57.060333251953
57.026397705078
56.900314331055
56.908828735352
57.030811309814
56.908229827881
56.992740631104
56.936908721924
56.992691040039
56.944313049316
56.886009216309
56.921325683594
56.863189697266
56.930591583252
56.910911560059
56.980865478516
56.919017791748
56.958168029785
56.938034057617
57.006153106689
56.97940826416
56.98286819458
56.981334686279
56.95076751709
56.920333862305
57.020957946777
56.933109283447
56.885276794434
56.967082977295
56.982967376709
56.971492767334
56.982719421387
56.938613891602
56.830974578857
57.000061035156
56.993446350098
57.013355255127
57.096900939941
57.010631561279
56.895332336426
57.016342163086
56.997985839844
56.99388885498
57.022407531738
56.985652923584
56.956466674805
57.034511566162
56.946201324463
56.879539489746
57.119472503662
56.982044219971
57.002105712891
56.953022003174
56.988986968994
56.934364318848
56.958190917969
56.884010314941
56.936943054199
56.925300598145
57.030750274658
56.974674224854
56.994842529297
56.979011535645
56.948627471924
57.012851715088
56.934642791748
56.95352935791
56.937068939209
58.175788879395
60.525032043457
61.954570770264
61.988395690918
61.931846618652
61.812980651855
61.500106811523
60.51188659668
59.230598449707
60.718654632568
61.72970199585
61.952045440674
62.052509307861
61.938941955566
61.846885681152
59.235084533691
57.163036346436
57.026397705078
57.017127990723
59.204322814941
61.485145568848
62.050880432129
61.946033477783
61.414459228516
61.612049102783
61.169898986816
60.576648712158
61.703269958496
61.626918792725
61.732486724854
61.483764648438
61.770206451416
61.934978485107
62.049472808838
62.035987854004
61.994617462158
61.950954437256
61.993522644043
61.821327209473
62.092914581299
61.697273254395
50.366809844971
61.977699279785
61.975059509277
62.003120422363
62.017566680908
62.01473236084
61.987606048584
62.027069091797
61.975902557373
61.93522644043
62.050662994385
62.007766723633
61.922988891602
61.933086395264
62.008129119873
62.069988250732
61.952766418457
61.951808929443
61.843910217285
61.998332977295
61.994812011719
61.926551818848
62.017181396484
61.937889099121
62.126064300537
61.986148834229
61.970123291016
61.767387390137
61.93115234375
62.029556274414
62.040119171143
61.811721801758
61.958087921143
62.019054412842
62.128890991211
62.036510467529
62.056331634521
61.926330566406
61.973583221436
62.03157043457
61.937931060791
62.020687103271
62.068897247314
62.016784667969
61.955303192139
61.969230651855
62.049823760986
62.101608276367
62.056640625
62.021827697754
62.050289154053
61.997436523438
61.95011138916
62.030628204346
61.880584716797
62.009792327881
63.165100097656
63.405529022217
63.737899780273
63.993572235107
63.993816375732
64.038055419922
63.987606048584
63.864444732666
63.781368255615
63.280963897705
63.88794708252
63.970317840576
63.986782073975
63.972904205322
63.865428924561
63.853649139404
63.871562957764
63.939239501953
64.021186828613
63.956680297852
64.092811584473
64.049850463867
63.925178527832
64.076026916504
63.932239532471
64.084022521973
64.021728515625
63.887725830078
63.929759979248
64.081703186035
64.104110717773
64.037864685059
64.05152130127
63.277721405029
64.087524414062
64.057815551758
64.017387390137
64.007225036621
64.073417663574
64.012825012207
64.048851013184
64.19401550293
63.760898590088
64.202651977539
64.106773376465
64.040809631348
64.103080749512
64.185676574707
64.044143676758
64.180870056152
64.196365356445
63.992427825928
64.053169250488
64.053153991699
64.032501220703
64.043830871582
63.879913330078
64.021240234375
64.090133666992
64.061561584473
64.172294616699
64.136054992676
46.541542053223
64.08975982666
64.122543334961
64.136016845703
64.280899047852
64.243423461914
63.994934082031
64.190368652344
64.247207641602
51.768951416016
64.081100463867
64.172309875488
64.078544616699
64.059097290039
64.048461914062
63.817764282227
64.01895904541
64.101936340332
64.147064208984
64.081687927246
64.161811828613
64.077018737793
64.033195495605
64.024627685547
66.193008422852
66.209716796875
66.220893859863
66.240257263184
66.215789794922
66.219604492188
66.223701477051
66.205665588379
66.222290039062
66.218208312988
66.194351196289
66.170944213867
66.214797973633
66.215782165527
66.190643310547
66.222587585449
66.219429016113
66.227203369141
66.192443847656
65.6875
66.185066223145
66.201164245605
66.199226379395
66.219261169434
66.218658447266
66.223007202148
66.21964263916
66.221710205078
66.22322845459
66.211143493652
66.208480834961
66.226425170898
66.231056213379
66.22534942627
66.198013305664
46.561408996582
47.202877044678
66.190818786621
66.223991394043
66.223739624023
47.510780334473
66.219924926758
66.213882446289
66.216110229492
66.220108032227
66.219261169434
66.23412322998
66.220588684082
66.222412109375
66.217948913574
66.218566894531
66.22290802002
66.213432312012
66.211898803711
66.219573974609
47.201831817627
47.196243286133
47.199146270752
66.221183776855
66.222320556641
66.224243164062
66.223648071289
66.217582702637
66.213813781738
66.221740722656
66.224296569824
66.206611633301
66.895431518555
66.949287414551
67.04566192627
66.966400146484
66.862831115723
66.724006652832
67.077003479004
67.257148742676
67.021354675293
66.95972442627
67.045265197754
67.012573242188
67.124618530273
67.063522338867
67.077987670898
67.223930358887
66.706108093262
66.887847900391
66.91837310791
67.167671203613
67.046340942383
67.116180419922
67.153587341309
66.991157531738
67.098854064941
67.266204833984
66.99356842041
67.064788818359
66.995628356934
67.060928344727
67.202728271484
47.628311157227
67.033462524414
67.03076171875
66.944778442383
67.015197753906
67.047012329102
66.963134765625
67.024566650391
67.025001525879
67.021423339844
67.007080078125
67.009689331055
66.990478515625
67.048202514648
67.104614257812
67.001838684082
67.001312255859
66.963958740234
66.995491027832
66.999221801758
67.046104431152
66.974670410156
67.051361083984
67.153106689453
66.994674682617
66.997985839844
66.535621643066
66.980125427246
66.983428955078
66.947647094727
67.015777587891
67.108154296875
67.085037231445
67.189292907715
47.223827362061
67.035285949707
67.092643737793
67.095741271973
68.897415161133
68.820770263672
68.671920776367
68.688682556152
68.746780395508
68.66471862793
68.670997619629
68.830207824707
68.479606628418
67.971649169922
67.664443969727
67.162506103516
68.789817810059
68.632141113281
68.588607788086
68.863639831543
68.884567260742
68.940551757812
68.833869934082
66.996513366699
67.034469604492
67.203048706055
67.004165649414
67.073501586914
68.237533569336
69.00904083252
68.991058349609
68.8515625
68.885108947754
68.980987548828
68.954223632812
69.001197814941
69.071014404297
69.046310424805
69.168846130371
69.203300476074
69.062278747559
68.90079498291
68.82689666748
68.942527770996
68.97021484375
68.952072143555
69.033889770508
69.080963134766
69.014320373535
69.137069702148
69.26978302002
69.037384033203
69.062202453613
69.003700256348
69.037338256836
69.136543273926
69.308525085449
69.072608947754
69.126129150391
68.739410400391
69.04663848877
69.059112548828
69.027870178223
69.050689697266
69.086799621582
69.122207641602
69.075538635254
69.001754760742
68.982360839844
68.954948425293
68.990570068359
69.009544372559
68.99520111084
69.002586364746
69.050712585449
69.124328613281
69.030014038086
69.023063659668
69.109085083008
69.11408996582
69.008033752441
69.01180267334
68.900054931641
68.989822387695
69.03441619873
68.914207458496
68.996231079102
68.997894287109
68.94856262207
68.978469848633
69.009460449219
68.43416595459
69.050758361816
69.182464599609
69.070556640625
69.027458190918
69.085983276367
69.093032836914
69.081176757812
69.203399658203
69.257331848145
69.00651550293
69.102996826172
69.194923400879
70.900482177734
70.67147064209
70.53150177002
70.73503112793
70.406982421875
70.288619995117
70.783042907715
70.823974609375
70.706298828125
70.911224365234
70.978622436523
71.162139892578
70.920822143555
70.882698059082
70.817848205566
71.060455322266
70.984580993652
71.026832580566
71.024772644043
71.005546569824
70.967597961426
71.034912109375
71.019477844238
71.033714294434
71.024604797363
71.097709655762
71.033973693848
71.07527923584
71.04118347168
71.012771606445
71.03849029541
71.172142028809
71.008758544922
71.002319335938
71.000862121582
70.993812561035
70.990013122559
70.985160827637
70.966804504395
71.023483276367
70.852584838867
71.008308410645
70.977630615234
71.000442504883
70.996772766113
71.111358642578
70.940628051758
70.993064880371
70.979927062988
71.02564239502
71.014259338379
71.0263671875
71.010696411133
71.009071350098
70.943550109863
71.019454956055
71.004463195801
70.929397583008
70.98046875
71.04598236084
70.800163269043
71.027328491211
71.033843994141
71.007804870605
71.013328552246
71.022583007812
71.057723999023
71.005599975586
71.058807373047
71.089721679688
70.992462158203
71.023094177246
71.037902832031
70.979881286621
70.978958129883
71.022041320801
71.019340515137
70.984886169434
71.00032043457
70.971549987793
71.764343261719
71.883750915527
71.602188110352
71.998146057129
72.025901794434
71.969535827637
72.003761291504
71.952049255371
72.085609436035
71.976203918457
72.00244140625
71.860565185547
71.965721130371
71.97891998291
72.043571472168
72.02067565918
71.986923217773
71.971313476562
72.034156799316
72.035583496094
71.996810913086
72.028350830078
72.085220336914
72.036720275879
72.042953491211
72.268089294434
71.952880859375
72.021286010742
71.98624420166
71.97624206543
71.977729797363
71.991661071777
72.009338378906
72.000282287598
71.977874755859
71.978958129883
72.061805725098
71.998069763184
72.039886474609
72.052536010742
72.195426940918
71.180358886719
71.216468811035
71.353271484375
72.013160705566
72.005889892578
71.900367736816
71.934471130371
71.989326477051
71.98607635498
71.92854309082
72.031280517578
71.977813720703
72.01927947998
72.028434753418
72.065063476562
71.946258544922
71.957931518555
72.010856628418
71.988578796387
72.015426635742
72.005065917969
72.017478942871
72.031364440918
72.090278625488
72.035697937012
72.082817077637
72.033187866211
72.040824890137
72.118530273438
47.775253295898
72.040000915527
71.978393554688
72.017066955566
71.998764038086
72.07243347168
72.011123657227
71.99186706543
72.141502380371
72.079315185547
71.918647766113
71.98908996582
71.995079040527
72.040908813477
72.092445373535
72.087127685547
72.091346740723
72.0625
72.187797546387
71.998878479004
72.025276184082
72.103469848633
72.014999389648
72.076133728027
71.983856201172
72.06519317627
72.000381469727
72.111587524414
71.997535705566
72.092918395996
71.944229125977
72.006790161133
72.112030029297
72.058303833008
72.059768676758
72.200866699219
72.355537414551
72.034797668457
72.092750549316
73.653266906738
73.979248046875
74.012565612793
73.849853515625
74.011528015137
74.022453308105
73.989990234375
73.859283447266
73.783752441406
73.974258422852
73.962539672852
73.997756958008
73.984497070312
73.98983001709
74.013130187988
73.988891601562
73.96940612793
74.072570800781
73.957214355469
74.041679382324
74.030868530273
73.996597290039
73.995109558105
73.998138427734
73.951065063477
74.128067016602
74.080413818359
74.028381347656
74.062431335449
74.01538848877
73.98412322998
74.002281188965
74.018356323242
74.020843505859
74.070610046387
74.109016418457
73.977401733398
73.978935241699
74.015502929688
73.997802734375
74.008811950684
73.989082336426
74.084182739258
73.99201965332
74.013870239258
73.990455627441
73.960807800293
73.975646972656
73.952354431152
73.992256164551
73.964805603027
73.991889953613
73.991714477539
74.124046325684
73.988395690918
74.000953674316
74.010482788086
73.985427856445
73.984153747559
74.014793395996
74.007415771484
74.053810119629
74.143020629883
74.012413024902
73.986473083496
74.017272949219
73.973495483398
74.034088134766
74.037055969238
74.053581237793
50.359867095947
50.358451843262
50.364200592041
48.721557617188
50.367023468018
50.363693237305
51.656269073486
51.725402832031
48.703723907471
76.055328369141
56.890586853027
58.088409423828
57.229301452637
56.953048706055
56.905429840088
56.967334747314
56.847152709961
56.953067779541
57.405349731445
57.513126373291
48.121879577637
56.876220703125
56.923332214355
56.990772247314
58.621681213379
57.99654006958
78.232864379883
58.698059082031
57.567810058594
78.192886352539
78.196968078613
78.193649291992
78.181129455566
78.148284912109
78.170776367188
78.170555114746
78.183776855469
78.184936523438
78.154914855957
78.148887634277
78.191841125488
78.201667785645
78.153221130371
78.175117492676
78.181373596191
78.138381958008
78.175827026367
78.14567565918
78.185806274414
78.190963745117
78.148994445801
78.175979614258
78.181297302246
78.174690246582
78.184204101562
78.187561035156
78.173362731934
78.17945098877
78.727470397949
78.260536193848
78.25186920166
78.774772644043
78.194862365723
78.248329162598
78.912666320801
78.649101257324
78.844749450684
78.96118927002
78.654243469238
78.273239135742
78.971260070801
78.962509155273
78.927360534668
78.977294921875
78.999847412109
78.979248046875
78.975639343262
79.000938415527
78.975242614746
78.987991333008
79.007011413574
78.997673034668
79.006683349609
79.019256591797
79.039672851562
78.998527526855
79.011833190918
78.997802734375
79.011772155762
78.999862670898
79.009712219238
79.038917541504
79.008201599121
79.015663146973
78.97240447998
78.994651794434
79.006378173828
79.001670837402
78.95760345459
78.964195251465
78.977447509766
78.995178222656
78.953887939453
79.005355834961
79.005828857422
78.977592468262
78.987716674805
80.966110229492
80.236099243164
80.977256774902
80.263557434082
80.462829589844
80.813957214355
80.940696716309
80.907691955566
80.899154663086
80.781341552734
80.5986328125
80.943649291992
80.998840332031
80.981414794922
80.82861328125
80.990791320801
80.813446044922
80.942001342773
80.99925994873
80.97144317627
80.947937011719
80.986625671387
80.987510681152
81.017776489258
81.176445007324
80.984077453613
81.079750061035
81.030746459961
81.007583618164
80.97843170166
80.919998168945
80.953201293945
80.992561340332
81.043609619141
80.972442626953
81.026382446289
81.059745788574
81.015029907227
81.010803222656
81.026885986328
81.026374816895
81.013656616211
81.194450378418
82.417152404785
81.130599975586
82.68579864502
82.686218261719
82.996147155762
82.95735168457
82.887420654297
82.80965423584
82.89591217041
82.809455871582
82.817031860352
83.122619628906
82.979309082031
83.075996398926
83.05403137207
83.10791015625
83.014823913574
83.013427734375
82.881523132324
83.016975402832
82.919769287109
83.053092956543
83.000274658203
82.994689941406
83.036193847656
83.008186340332
82.983619689941
83.016242980957
82.993156433105
83.051933288574
83.039749145508
83.022758483887
83.030403137207
83.001731872559
83.002922058105
83.014122009277
82.980964660645
82.976928710938
82.971328735352
83.012733459473
83.012786865234
83.084136962891
82.964393615723
83.060836791992
82.979515075684
83.013999938965
82.986335754395
83.010841369629
83.049491882324
83.064750671387
83.07120513916
82.993469238281
83.714752197266
83.100090026855
83.872009277344
83.971542358398
83.980712890625
83.925849914551
83.894233703613
83.833221435547
83.959892272949
83.982200622559
83.967781066895
83.991317749023
83.97087097168
83.971290588379
83.972648620605
84.045753479004
83.976402282715
83.95320892334
83.91943359375
83.985443115234
83.990921020508
83.984786987305
83.969757080078
83.966995239258
83.998123168945
83.970436096191
83.970062255859
84.005088806152
84.389152526855
83.973304748535
84.618598937988
84.303634643555
84.362663269043
84.757553100586
85.695693969727
85.70817565918
84.69563293457
85.699691772461
85.936630249023
85.920722961426
85.978515625
85.845222473145
85.750007629395
85.945793151855
85.942901611328
85.96704864502
85.970413208008
85.939804077148
85.979606628418
86.009841918945
85.998435974121
85.990447998047
86.025939941406
85.973091125488
85.983695983887
85.975700378418
85.969306945801
86.010437011719
85.97282409668
85.980339050293
85.946937561035
86.00260925293
85.981628417969
85.994659423828
85.986267089844
86.00993347168
85.991561889648
85.969467163086
85.98902130127
86.874786376953
85.99853515625
86.835762023926
87.877288818359
86.703063964844
86.871017456055
86.398254394531
86.715538024902
86.10319519043
86.264488220215
86.098487854004
86.106292724609
86.179374694824
86.189376831055
86.111053466797
86.005111694336
86.299018859863
86.242332458496
86.575729370117
85.986618041992
85.994110107422
86.001564025879
86.255310058594
86.738708496094
85.988151550293
87.38013458252
87.483833312988
87.38703918457
87.259567260742
87.48193359375
87.600280761719
87.557624816895
87.584716796875
87.337615966797
87.510276794434
87.849174499512
87.877792358398
87.774612426758
87.954811096191
87.520668029785
87.733184814453
87.594688415527
87.941848754883
88.804382324219
88.085594177246
89.912506103516
89.379180908203
89.077247619629
89.625129699707
89.565711975098
89.515968322754
89.922782897949
89.605438232422
89.690994262695
89.970031738281
90.021415710449
89.940605163574
89.98738861084
89.960594177246
89.961730957031
89.94750213623
89.935905456543
89.802253723145
89.86156463623
89.956161499023
89.987846374512
90.012802124023
89.963134765625
89.975631713867
88.526893615723
89.971900939941
88.225639343262
89.276351928711
88.087272644043
89.242141723633
88.806587219238
88.776679992676
88.597480773926
89.787094116211
89.430480957031
89.699172973633
88.693054199219
89.315216064453
89.280059814453
89.850578308105
88.714141845703
89.917617797852
89.69849395752
89.996307373047
88.847465515137
89.936340332031
89.911666870117
89.975433349609
89.867904663086
89.968681335449
89.979934692383
90.633056640625
90.018096923828
90.534255981445
90.502311706543
90.940650939941
90.750518798828
90.853897094727
90.914184570312
90.995574951172
90.938377380371
90.978927612305
90.938743591309
90.985870361328
90.912200927734
90.881401062012
90.932083129883
90.964790344238
90.932083129883
90.986320495605
90.988105773926
90.969467163086
90.985023498535
90.989288330078
90.978088378906
90.969825744629
90.985412597656
90.967514038086
90.962463378906
90.973129272461
90.960754394531
91.003639221191
90.987121582031
90.970680236816
90.985939025879
91.022277832031
90.969367980957
90.972114562988
90.977172851562
90.996307373047
90.950805664062
90.969955444336
91.01838684082
90.98607635498
91.0244140625
90.967185974121
90.957344055176
91.019798278809
90.972328186035
90.950881958008
91.001914978027
90.976989746094
90.971229553223
90.972770690918
92.037757873535
91.069427490234
91.593688964844
92.119514465332
91.483795166016
92.691452026367
92.341567993164
91.339584350586
92.697662353516
92.505241394043
92.719299316406
92.594047546387
92.962524414062
92.669006347656
92.750350952148
92.984771728516
91.883644104004
92.947845458984
91.246215820312
91.662872314453
91.278373718262
91.300338745117
92.34782409668
91.112693786621
91.962684631348
92.49446105957
92.278495788574
92.172691345215
92.779525756836
92.787246704102
92.186477661133
92.973320007324
92.835311889648
92.744682312012
92.949203491211
92.960060119629
92.866134643555
92.847679138184
92.765022277832
92.89485168457
92.941307067871
92.923309326172
92.627456665039
92.998977661133
92.954216003418
92.977684020996
92.965423583984
92.974617004395
93.002044677734
92.97469329834
93.013633728027
93.001022338867
92.964668273926
93.004028320312
93.035522460938
92.967384338379
92.962707519531
93.012519836426
92.981636047363
92.961990356445
93.075698852539
93.074951171875
93.342468261719
94.77685546875
93.390441894531
94.575531005859
94.001647949219
94.05199432373
94.68342590332
93.501197814941
94.25439453125
94.680274963379
93.583396911621
94.506072998047
94.876121520996
94.618362426758
94.980270385742
94.968452453613
94.537994384766
94.964309692383
94.957183837891
94.940185546875
94.939483642578
94.987686157227
95.015121459961
95.006210327148
95.005760192871
94.961166381836
95.027008056641
94.984382629395
94.994316101074
95.026428222656
95.004058837891
94.967384338379
95.02311706543
94.97193145752
94.967063903809
94.951293945312
94.971115112305
94.982269287109
94.971984863281
95.015533447266
94.997085571289
95.021301269531
95.009437561035
94.998626708984
95.000267028809
94.952560424805
94.983352661133
94.966697692871
94.95336151123
94.953269958496
94.963508605957
94.952163696289
94.91145324707
94.977523803711
94.949607849121
94.994819641113
95.029487609863
94.982833862305
94.997482299805
95.575584411621
95.000709533691
95.522598266602
95.096817016602
95.882247924805
95.43815612793
95.85758972168
95.631553649902
95.807945251465
95.866012573242
95.855270385742
95.947174072266
95.982856750488
95.939552307129
95.942100524902
95.943260192871
95.938789367676
95.928588867188
95.930702209473
95.953102111816
95.953659057617
95.977310180664
96.012634277344
95.952758789062
95.977264404297
95.971534729004
95.99535369873
96.016677856445
96.011093139648
95.99723815918
96.016586303711
96.043785095215
95.99112701416
95.976142883301
95.990341186523
96.027519226074
95.989212036133
95.974662780762
95.95435333252
96.007034301758
95.979011535645
95.962120056152
95.950424194336
95.974731445312
95.967887878418
95.966979980469
95.954544067383
95.936241149902
95.995811462402
95.985321044922
95.995162963867
96.000862121582
96.025573730469
96.01929473877
96.008514404297
95.97241973877
95.989845275879
95.981986999512
95.964569091797
96.021743774414
95.971534729004
95.988800048828
96.026924133301
95.992454528809
96.002128601074
96.038017272949
96.011085510254
96.053237915039
96.095520019531
96.046119689941
96.138107299805
96.054618835449
84.192153930664
84.195953369141
96.111854553223
96.186874389648
84.410980224609
96.207046508789
96.145095825195
84.259010314941
84.396766662598
84.308929443359
45.061038970947
45.826240539551
44.547588348389
44.550556182861
44.542823791504
44.544792175293
45.956134796143
44.546649932861
44.548240661621
44.54711151123
44.550048828125
44.547729492188
44.546615600586
44.549468994141
44.547649383545
44.546085357666
44.548114776611
44.548278808594
44.546867370605
44.547588348389
44.546508789062
44.548168182373
44.547187805176
44.54691696167
44.546165466309
44.546020507812
44.544960021973
45.155620574951
45.173187255859
44.548866271973
44.549144744873
45.13744354248
44.547546386719
44.545288085938
45.274024963379
45.765357971191
45.848377227783
46.360569000244
47.21558380127
47.206909179688
46.339233398438
47.213851928711
47.210735321045
45.270805358887
44.542724609375
44.542484283447
45.592529296875
45.651660919189
46.059074401855
45.781806945801
45.874877929688
46.167785644531
47.21870803833
48.504035949707
48.71129989624
48.679237365723
49.223434448242
47.216693878174
48.40966796875
48.268695831299
47.980419158936
47.980419158936
47.216896057129
47.216896057129
50.356437683105
50.35306930542
49.336364746094
48.638660430908
48.638660430908
47.214065551758
47.216339111328
47.217807769775
48.113792419434
47.921073913574
47.921073913574
47.215961456299
47.214775085449
47.212959289551
47.212146759033
47.212146759033
47.212146759033
47.212146759033
47.212146759033
48.78288269043
48.86051940918
48.605445861816
47.216873168945
47.213027954102
47.213394165039
47.217067718506
48.089824676514
47.93030166626
47.940902709961
48.108173370361
47.214763641357
47.212978363037
47.213111877441
47.213111877441
47.213111877441
47.213111877441
47.213111877441
47.213111877441
47.213111877441
47.213111877441
47.217082977295
47.217395782471
47.214706420898
47.94340133667
47.218601226807
48.145114898682
47.219127655029
48.298458099365
47.214508056641
47.213859558105
47.212505340576
