69.0
44.547653198242
44.547714233398
44.547554016113
44.546684265137
44.547676086426
44.548015594482
44.546783447266
45.180797576904
44.548248291016
45.138191223145
44.546508789062
45.187843322754
44.547271728516
44.546905517578
45.201335906982
44.548397064209
44.54801940918
44.547828674316
44.546875
45.211521148682
44.546890258789
44.546691894531
44.548397064209
44.547782897949
44.547443389893
44.547290802002
44.547458648682
44.547672271729
44.548183441162
45.214557647705
45.208602905273
44.549476623535
44.55046081543
45.283489227295
44.547317504883
44.549758911133
44.550777435303
45.511165618896
44.548084259033
44.550277709961
45.244209289551
45.350986480713
44.550971984863
45.136405944824
44.548007965088
44.549324035645
45.224395751953
45.380268096924
45.208869934082
44.548385620117
45.186710357666
45.252620697021
44.550643920898
44.548637390137
45.242984771729
44.548637390137
45.236442565918
44.548233032227
45.164756774902
45.126796722412
45.31131362915
44.548309326172
44.547801971436
44.547782897949
44.548698425293
44.548664093018
44.549915313721
44.548610687256
44.548328399658
44.547744750977
44.548683166504
44.546577453613
44.548244476318
45.184669494629
44.54850769043
44.548713684082
44.549419403076
44.548145294189
45.371810913086
45.250862121582
44.549751281738
44.547142028809
44.548309326172
44.549156188965
45.211643218994
44.548664093018
44.55073928833
45.21556854248
45.428115844727
45.283042907715
45.80786895752
45.445106506348
45.61926651001
45.79088973999
45.24951171875
44.553970336914
44.555095672607
44.551021575928
45.181838989258
45.287715911865
45.287231445312
45.241821289062
44.549640655518
45.209495544434
44.553611755371
45.40393447876
45.813026428223
44.553344726562
45.537956237793
45.468238830566
45.452117919922
45.323127746582
45.33540725708
45.174419403076
44.54963684082
44.549659729004
44.549407958984
45.359729766846
45.203987121582
45.32445526123
44.547836303711
45.327659606934
44.547973632812
44.548427581787
45.255596160889
44.547012329102
44.549507141113
44.547256469727
45.260604858398
45.308082580566
45.266059875488
45.176990509033
44.55004119873
45.181446075439
45.262042999268
45.279823303223
44.546913146973
45.29610824585
45.147525787354
45.252433776855
45.12020111084
45.279884338379
44.54914855957
44.547569274902
44.546558380127
44.547737121582
44.547969818115
44.547622680664
45.340492248535
44.544818878174
44.54220199585
44.54390335083
44.541187286377
44.542442321777
44.542350769043
44.543182373047
45.633655548096
44.544563293457
45.400169372559
45.273811340332
45.273811340332
45.273811340332
45.273811340332
45.273811340332
45.273811340332
45.273811340332
45.273811340332
48.643043518066
48.643043518066
48.643043518066
44.548976898193
43.363967895508
44.548542022705
43.539638519287
44.546169281006
44.541347503662
44.546649932861
44.543594360352
44.549419403076
44.55025100708
44.546943664551
44.54651260376
44.54549407959
44.549873352051
45.167476654053
45.167476654053
45.197723388672
45.197723388672
44.548713684082
44.544166564941
44.548492431641
44.550682067871
44.545871734619
44.54768371582
44.546100616455
44.547943115234
44.545654296875
50.371627807617
50.371627807617
50.371627807617
50.371627807617
50.371627807617
50.371627807617
44.550575256348
44.546989440918
45.342567443848
44.549369812012
44.543670654297
44.546062469482
45.827163696289
44.546981811523
44.546356201172
44.547622680664
44.549278259277
44.546756744385
44.546096801758
44.549716949463
44.54564666748
44.546043395996
44.548107147217
44.547027587891
44.546890258789
44.547794342041
44.547439575195
44.548122406006
44.547168731689
44.546825408936
44.547805786133
44.546733856201
44.546699523926
45.291542053223
45.143028259277
45.354663848877
44.547595977783
44.551795959473
44.547077178955
44.546394348145
45.173595428467
45.431987762451
46.005126953125
47.209201812744
47.211769104004
46.076419830322
45.691024780273
47.209819793701
46.329174041748
45.296451568604
45.296451568604
44.543514251709
45.532585144043
45.580593109131
46.110614776611
45.783306121826
45.937122344971
46.270069122314
47.879360198975
49.257884979248
48.72497177124
48.621780395508
48.967613220215
47.216903686523
48.465831756592
48.022026062012
48.374942779541
48.374942779541
48.374942779541
49.114715576172
49.437755584717
50.350517272949
49.196102142334
48.516563415527
47.217906951904
47.213214874268
47.215789794922
47.217884063721
48.000183105469
48.000183105469
48.063419342041
47.216358184814
47.212810516357
47.208526611328
47.21183013916
47.211124420166
47.211124420166
47.211124420166
47.21183013916
48.849502563477
48.849502563477
47.220252990723
47.220252990723
47.214859008789
47.216663360596
47.218536376953
48.277465820312
48.100467681885
47.907279968262
47.216663360596
47.211387634277
47.211990356445
47.211009979248
47.211009979248
47.211009979248
47.211009979248
47.211009979248
47.211009979248
47.211009979248
47.211009979248
47.217903137207
47.217903137207
47.209613800049
47.2184715271
47.219242095947
48.31188583374
47.218566894531
47.215274810791
47.214126586914
47.211631774902
47.211631774902
47.211631774902
47.211631774902
47.211631774902
47.211631774902
47.211631774902
47.211631774902
47.211631774902
47.211631774902
47.211631774902
47.212345123291
47.215278625488
47.217128753662
48.006679534912
47.218448638916
47.217193603516
47.211578369141
47.210388183594
47.210388183594
47.210388183594
47.210388183594
47.210388183594
47.210388183594
47.210388183594
47.211578369141
47.211578369141
47.212829589844
47.212829589844
47.212829589844
47.210388183594
47.212829589844
47.214946746826
48.636112213135
48.503742218018
48.203884124756
47.990432739258
47.218032836914
47.212909698486
47.212909698486
47.212909698486
47.212909698486
47.212909698486
47.212909698486
47.212909698486
47.212909698486
47.212909698486
47.212909698486
46.115947723389
46.115947723389
47.209373474121
47.215530395508
47.21586227417
47.21586227417
47.217945098877
47.210865020752
47.210865020752
47.210865020752
47.210865020752
47.210865020752
47.210865020752
47.210865020752
47.210865020752
47.210865020752
47.210865020752
47.210865020752
47.210865020752
47.210865020752
48.660427093506
49.011665344238
48.796974182129
47.219158172607
48.1018409729
47.954124450684
47.924457550049
47.924457550049
47.924457550049
47.924457550049
47.924457550049
47.924457550049
47.924457550049
47.978527069092
48.022796630859
48.584239959717
48.48498916626
48.328178405762
49.201454162598
49.187911987305
49.330341339111
48.044151306152
48.044151306152
47.930328369141
47.219348907471
45.833507537842
45.833507537842
45.833507537842
46.230773925781
47.224876403809
49.357898712158
48.728977203369
47.2014503479
47.207721710205
47.218891143799
48.936622619629
48.867515563965
49.366645812988
49.411155700684
38.370010375977
48.865051269531
48.42569732666
47.202831268311
47.198642730713
44.550838470459
45.392784118652
45.808597564697
46.279365539551
46.279365539551
46.267601013184
45.466728210449
45.466728210449
47.208278656006
47.211605072021
49.01501083374
48.691524505615
48.867042541504
48.983955383301
48.519504547119
45.844772338867
45.290004730225
45.180076599121
45.188636779785
44.549114227295
45.220756530762
44.550952911377
45.619964599609
45.350887298584
44.547645568848
44.555366516113
45.283752441406
45.452072143555
46.054195404053
45.608020782471
45.259628295898
45.83288192749
45.847080230713
45.323547363281
44.547981262207
44.548736572266
45.207950592041
44.547843933105
44.549682617188
44.549911499023
45.353359222412
45.203186035156
44.548572540283
45.471164703369
45.239654541016
44.548526763916
44.548080444336
45.271469116211
45.432945251465
44.548416137695
45.299922943115
44.548961639404
44.546981811523
44.547397613525
44.546642303467
44.549362182617
44.548587799072
44.547828674316
45.350967407227
44.548244476318
44.546714782715
44.547706604004
44.549518585205
45.161285400391
44.546821594238
45.150688171387
44.546752929688
44.547992706299
45.244415283203
45.14395904541
45.229953765869
44.54874420166
44.548889160156
45.147804260254
44.546592712402
44.547775268555
44.546268463135
44.547752380371
44.547164916992
44.54666519165
45.504356384277
45.467514038086
45.360153198242
44.548202514648
45.441825866699
44.548126220703
45.1643943786